timeTick, stateX, stateY, stateZ, stateVX, stateVY, stateVZ, whisker1_1, whisker1_2, whisker1_3, whisker2_1, whisker2_2, whisker2_3, motor1, motor2, motor3, motor4, otX, otY, otZ, yaw, pitch, laserFront
461986, -0.9123246669769287, -1.0238687992095947, 1.2526010274887085, 0.019797494634985924, -0.005744223017245531, -0.013737932778894901, 0, 0, 0, 0, 0, 0, 0, 0, 0, 0, 0, 0, 0, 0, 0, 0
462006, -0.911206841468811, -1.0240848064422607, 1.2522860765457153, 0.020125428214669228, -0.00593595439568162, -0.012282609939575195, 157673.578125, 121439.515625, 157802.8125, 150860.296875, 143258.8125, 161717.484375, 34921.0, 45948.0, 40426.0, 44951.0, -0.9076852798461914, -1.024470329284668, 1.2523517608642578, -0.8250714540481567, 0.7255027890205383, 96.0
462026, -0.9101821184158325, -1.0242594480514526, 1.2520233392715454, 0.020176494494080544, -0.005649745464324951, -0.010602212511003017, 157673.578125, 121439.515625, 157802.8125, 150859.6875, 143264.40625, 161714.078125, 36638.0, 44476.0, 38796.0, 46364.0, -0.9070224761962891, -1.0246238708496094, 1.2520313262939453, -0.8255620002746582, 0.5549638271331787, 95.0
462046, -0.9089575409889221, -1.024448275566101, 1.2518390417099, 0.022613592445850372, -0.00534026650711894, -0.00958493072539568, 157673.578125, 121439.515625, 157802.8125, 150859.6875, 143259.5, 161710.515625, 39014.0, 42918.0, 36395.0, 47653.0, -0.9055089950561523, -1.0247602462768555, 1.2520484924316406, -0.8251097202301025, 0.1566825807094574, 95.0
462067, -0.9078430533409119, -1.0246187448501587, 1.2517037391662598, 0.026211364194750786, -0.004950169939547777, -0.007630653213709593, 157673.578125, 121439.515625, 157802.8125, 150864.65625, 143258.4375, 161722.640625, 40112.0, 42742.0, 35023.0, 47756.0, -0.9041471481323242, -1.0250530242919922, 1.2516250610351562, -0.8283382654190063, -0.4115670621395111, 95.0
462086, -0.9063335657119751, -1.0248364210128784, 1.2516677379608154, 0.03334991633892059, -0.005013497080653906, -0.004420851357281208, 157673.578125, 121439.515625, 157802.8125, 150865.265625, 143269.296875, 161716.046875, 41104.0, 42034.0, 33719.0, 48248.0, -0.9032163619995117, -1.0251045227050781, 1.2520217895507812, -0.8357169032096863, -1.0699375867843628, 96.0
462107, -0.9049316644668579, -1.0250600576400757, 1.2516803741455078, 0.04163273051381111, -0.0056223697029054165, -0.002285416005179286, 157673.578125, 121439.515625, 157802.8125, 150854.078125, 143272.4375, 161719.609375, 39372.0, 43238.0, 35611.0, 47242.0, -0.9011974334716797, -1.0254325866699219, 1.2521419525146484, -0.8402331471443176, -1.7569752931594849, 96.0
462126, -0.9030864834785461, -1.025292992591858, 1.25171959400177, 0.05284321680665016, -0.006525725591927767, -0.001195712247863412, 157673.578125, 121439.515625, 157802.8125, 150863.40625, 143265.09375, 161722.484375, 40579.0, 42086.0, 33959.0, 48072.0, -0.8994121551513672, -1.0256328582763672, 1.2517623901367188, -0.8459582328796387, -2.3040075302124023, 96.0
462146, -0.9018539786338806, -1.0254416465759277, 1.2517006397247314, 0.060027629137039185, -0.007148876786231995, -0.0008838804205879569, 157673.578125, 121439.515625, 157802.8125, 150870.234375, 143274.203125, 161729.609375, 38752.0, 43143.0, 36111.0, 47192.0, -0.8972988128662109, -1.0257282257080078, 1.2519340515136719, -0.8476960062980652, -2.715758800506592, 98.0
462168, -0.8986093401908875, -1.0258445739746094, 1.2516679763793945, 0.07959116995334625, -0.008504931814968586, -0.0013567935675382614, 157673.578125, 121439.515625, 157802.8125, 150865.890625, 143269.984375, 161731.578125, 39481.0, 43096.0, 35224.0, 47071.0, -0.8952541351318359, -1.0263500213623047, 1.2517528533935547, -0.8494418263435364, -3.004669427871704, 98.0
462186, -0.896149218082428, -1.026127576828003, 1.2515603303909302, 0.09323947876691818, -0.009306980296969414, -0.003955313004553318, 157673.578125, 121439.515625, 157802.8125, 150863.40625, 143269.296875, 161736.578125, 39284.0, 42272.0, 35139.0, 47972.0, -0.8929510116577148, -1.0265254974365234, 1.2516460418701172, -0.853600263595581, -3.180107831954956, 98.0
462206, -0.8932343125343323, -1.0265082120895386, 1.2513080835342407, 0.10786887258291245, -0.010501034557819366, -0.008313753642141819, 157673.578125, 121439.515625, 157802.8125, 150870.859375, 143259.5, 161733.546875, 39077.0, 43260.0, 35700.0, 47021.0, -0.8901815414428711, -1.026972770690918, 1.2509403228759766, -0.8605613708496094, -3.260657787322998, 99.0
462226, -0.8901948928833008, -1.026848316192627, 1.2510290145874023, 0.1219337061047554, -0.011346160434186459, -0.011642972938716412, 157673.578125, 121439.515625, 157802.8125, 150875.828125, 143258.4375, 161739.609375, 39501.0, 42900.0, 34910.0, 47787.0, -0.886387825012207, -1.0272903442382812, 1.250885009765625, -0.8726634383201599, -3.2721848487854004, 99.0
462246, -0.8866810202598572, -1.02725350856781, 1.2506009340286255, 0.136614590883255, -0.012342715635895729, -0.015423986129462719, 157673.578125, 121439.515625, 157802.8125, 150873.34375, 143265.09375, 161739.078125, 38554.0, 43402.0, 36251.0, 47473.0, -0.8847837448120117, -1.0276765823364258, 1.2504634857177734, -0.8902629613876343, -3.196838855743408, 99.0
462266, -0.883091151714325, -1.0276657342910767, 1.250145435333252, 0.14991536736488342, -0.013200297020375729, -0.019234836101531982, 157673.578125, 121439.515625, 157802.8125, 150871.46875, 143268.234375, 161744.078125, 39261.0, 42919.0, 35858.0, 47840.0, -0.8801412582397461, -1.0282354354858398, 1.2498722076416016, -0.9003853797912598, -3.0427565574645996, 99.0
462286, -0.8793626427650452, -1.0280802249908447, 1.2496033906936646, 0.16218030452728271, -0.013717439956963062, -0.020449932664632797, 157673.578125, 121439.515625, 157802.8125, 150873.953125, 143275.578125, 161737.109375, 37937.0, 44119.0, 37470.0, 47064.0, -0.8780364990234375, -1.028611183166504, 1.2494659423828125, -0.9069445133209229, -2.806321620941162, 99.0
462306, -0.8753727078437805, -1.028541922569275, 1.2490648031234741, 0.17351090908050537, -0.0142818009480834, -0.019663067534565926, 157673.578125, 121439.515625, 157802.8125, 150876.4375, 143282.234375, 161738.546875, 37513.0, 44487.0, 38056.0, 46682.0, -0.8738307952880859, -1.029301643371582, 1.2489185333251953, -0.9105119705200195, -2.493770122528076, 94.0
462326, -0.8707190752029419, -1.0290943384170532, 1.2483679056167603, 0.18536525964736938, -0.01493274886161089, -0.01918068528175354, 157673.578125, 121439.515625, 157802.8125, 150873.953125, 143287.125, 161746.046875, 37059.0, 44508.0, 38605.0, 46652.0, -0.8695182800292969, -1.0298032760620117, 1.247711181640625, -0.911432683467865, -2.1442782878875732, 94.0
462346, -0.8657859563827515, -1.0295934677124023, 1.2478303909301758, 0.19587334990501404, -0.015013729222118855, -0.017368368804454803, 157673.578125, 121439.515625, 157802.8125, 150873.953125, 143273.8125, 161746.046875, 38053.0, 43444.0, 37705.0, 47677.0, -0.8644647598266602, -1.0302743911743164, 1.247854232788086, -0.9057676792144775, -1.774430513381958, 94.0
462366, -0.8612378835678101, -1.030070185661316, 1.2472716569900513, 0.203343003988266, -0.014900391921401024, -0.018998702988028526, 157673.578125, 121439.515625, 157802.8125, 150883.28125, 143282.921875, 161747.109375, 39337.0, 43515.0, 36310.0, 47593.0, -0.8602628707885742, -1.0311222076416016, 1.246185302734375, -0.9002746939659119, -1.4646247625350952, 95.0
462386, -0.8586112856864929, -1.0304036140441895, 1.2469687461853027, 0.2079000473022461, -0.015336836688220501, -0.01941543258726597, 157673.578125, 121439.515625, 157802.8125, 150882.03125, 143278.03125, 161740.140625, 39097.0, 43593.0, 36653.0, 47417.0, -0.8557186126708984, -1.0314264297485352, 1.2466297149658203, -0.8933767080307007, -1.2230491638183594, 95.0
462407, -0.853431761264801, -1.0309782028198242, 1.2464113235473633, 0.2150784134864807, -0.01559755764901638, -0.01743500865995884, 157673.578125, 121439.515625, 157802.8125, 150887.0, 143278.71875, 161749.609375, 38531.0, 44834.0, 37363.0, 46419.0, -0.8511085510253906, -1.0321178436279297, 1.2458114624023438, -0.8833786845207214, -1.0272890329360962, 95.0
462426, -0.8481531143188477, -1.0315111875534058, 1.245888113975525, 0.22140567004680634, -0.015565531328320503, -0.017434459179639816, 157673.578125, 121439.515625, 157802.8125, 150882.640625, 143279.78125, 161754.625, 38819.0, 44061.0, 36988.0, 47167.0, -0.8457794189453125, -1.032191276550293, 1.245635986328125, -0.8759588003158569, -0.8731263279914856, 95.0
462446, -0.8430988788604736, -1.032023549079895, 1.2454261779785156, 0.22664737701416016, -0.01570911705493927, -0.01580723002552986, 157673.578125, 121439.515625, 157802.8125, 150887.0, 143281.15625, 161754.625, 39108.0, 44007.0, 36636.0, 47235.0, -0.8415603637695312, -1.032841682434082, 1.2450809478759766, -0.8760777711868286, -0.7397432327270508, 95.0
462468, -0.8356034159660339, -1.032705545425415, 1.2448797225952148, 0.23246975243091583, -0.015592627227306366, -0.014087255112826824, 157673.578125, 121439.515625, 157802.8125, 150894.453125, 143287.8125, 161757.125, 38744.0, 44349.0, 37017.0, 46918.0, -0.8366518020629883, -1.0335626602172852, 1.2445697784423828, -0.8787766098976135, -0.5843413472175598, 94.0
462486, -0.8329710364341736, -1.0330166816711426, 1.2446093559265137, 0.2344089150428772, -0.015901857987046242, -0.013320776633918285, 157673.578125, 121439.515625, 157802.8125, 150888.859375, 143286.0625, 161752.65625, 37941.0, 44233.0, 37865.0, 46948.0, -0.8330497741699219, -1.033827781677246, 1.2440071105957031, -0.8719296455383301, -0.3755751848220825, 94.0
462506, -0.827964186668396, -1.0334699153900146, 1.2443342208862305, 0.23658055067062378, -0.015568564645946026, -0.009661096148192883, 157673.578125, 121439.515625, 157802.8125, 150885.125, 143284.296875, 161759.625, 37729.0, 44152.0, 38083.0, 46821.0, -0.8272695541381836, -1.034402847290039, 1.2440242767333984, -0.8583919405937195, -0.13245296478271484, 94.0
462526, -0.8227173089981079, -1.0339806079864502, 1.244077444076538, 0.23864543437957764, -0.015501667745411396, -0.007030502427369356, 157673.578125, 121439.515625, 157802.8125, 150887.0, 143293.40625, 161769.625, 37597.0, 44438.0, 38262.0, 46461.0, -0.8219337463378906, -1.0348033905029297, 1.2436161041259766, -0.8332453370094299, 0.11853253841400146, 97.0
462546, -0.8176608681678772, -1.0345338582992554, 1.2438517808914185, 0.23896141350269318, -0.015481577254831791, -0.005703107453882694, 157673.578125, 121439.515625, 157802.8125, 150896.3125, 143294.09375, 161764.625, 38572.0, 44010.0, 37072.0, 46574.0, -0.8177881240844727, -1.0353918075561523, 1.2435836791992188, -0.8022075295448303, 0.3537769019603729, 97.0
462567, -0.8126264214515686, -1.0349863767623901, 1.243634819984436, 0.2385394126176834, -0.014933844096958637, -0.006694781593978405, 157673.578125, 121439.515625, 157802.8125, 150891.96875, 143286.0625, 161765.15625, 38648.0, 43480.0, 37125.0, 46987.0, -0.8125181198120117, -1.0357122421264648, 1.243051528930664, -0.7632042169570923, 0.5304403305053711, 97.0
462586, -0.8075423240661621, -1.0355238914489746, 1.243478775024414, 0.23772075772285461, -0.014833508990705013, -0.004497154150158167, 157673.578125, 121439.515625, 157802.8125, 150894.453125, 143293.40625, 161762.65625, 38630.0, 43606.0, 37141.0, 46860.0, -0.8079061508178711, -1.0364179611206055, 1.243551254272461, -0.7269322872161865, 0.6333869695663452, 96.0
462606, -0.8026925325393677, -1.0359599590301514, 1.243308424949646, 0.2357667088508606, -0.014276542700827122, -0.0027224021032452583, 157673.578125, 121439.515625, 157802.8125, 150896.9375, 143300.75, 161770.6875, 38536.0, 43758.0, 37227.0, 46591.0, -0.8031530380249023, -1.0368871688842773, 1.2426567077636719, -0.6873650550842285, 0.6885109543800354, 96.0
462626, -0.797690212726593, -1.036471962928772, 1.2431639432907104, 0.23440410196781158, -0.014090057462453842, -0.0018012413056567311, 157673.578125, 121439.515625, 157802.8125, 150903.15625, 143297.609375, 161768.1875, 38552.0, 43840.0, 37177.0, 46485.0, -0.7976169586181641, -1.0373497009277344, 1.2427558898925781, -0.6484019756317139, 0.723414957523346, 96.0
462646, -0.7929052710533142, -1.036882758140564, 1.243096947669983, 0.2322552502155304, -0.013589715585112572, -0.0015396398957818747, 157673.578125, 121439.515625, 157802.8125, 150893.203125, 143302.515625, 161765.15625, 38659.0, 43461.0, 37051.0, 46718.0, -0.793635368347168, -1.0378808975219727, 1.2424964904785156, -0.6123829483985901, 0.7409247756004333, 97.0
462668, -0.7879584431648254, -1.0374135971069336, 1.2429014444351196, 0.23079580068588257, -0.013679826632142067, -0.0045339190401136875, 157673.578125, 121439.515625, 157802.8125, 150900.03125, 143289.890625, 161775.15625, 38837.0, 42903.0, 36868.0, 47271.0, -0.7884111404418945, -1.0382871627807617, 1.2422370910644531, -0.5777008533477783, 0.7510704398155212, 97.0
462686, -0.7832440137863159, -1.037831425666809, 1.2427482604980469, 0.22854679822921753, -0.013295617885887623, -0.004575591068714857, 157673.578125, 121439.515625, 157802.8125, 150900.03125, 143292.34375, 161772.65625, 39062.0, 43272.0, 36833.0, 46894.0, -0.7840471267700195, -1.0386123657226562, 1.2425670623779297, -0.5403199195861816, 0.7660350203514099, 97.0
462706, -0.778626561164856, -1.0382730960845947, 1.242537021636963, 0.22602172195911407, -0.013030791655182838, -0.005445118527859449, 157673.578125, 121439.515625, 157802.8125, 150901.90625, 143299.6875, 161773.1875, 38193.0, 44201.0, 37871.0, 46245.0, -0.7792682647705078, -1.039266586303711, 1.2419509887695312, -0.5084313750267029, 0.7928184270858765, 97.0
462726, -0.7738677859306335, -1.0387439727783203, 1.242335557937622, 0.22408272325992584, -0.012803885154426098, -0.005085309036076069, 157673.578125, 121439.515625, 157802.8125, 150908.734375, 143304.953125, 161774.25, 37689.0, 44363.0, 38394.0, 45861.0, -0.7740240097045898, -1.0398073196411133, 1.2417945861816406, -0.4702131450176239, 0.832753598690033, 97.0
462746, -0.7693235874176025, -1.0391135215759277, 1.2421778440475464, 0.22143438458442688, -0.012181543745100498, -0.005615069065243006, 157673.578125, 121439.515625, 157802.8125, 150911.84375, 143309.859375, 161775.6875, 38631.0, 43587.0, 37465.0, 46715.0, -0.7700271606445312, -1.0400934219360352, 1.2416114807128906, -0.43199270963668823, 0.8652738332748413, 98.0
462767, -0.7646692395210266, -1.0395687818527222, 1.2419800758361816, 0.21926002204418182, -0.011966624297201633, -0.006180425174534321, 157673.578125, 121439.515625, 157802.8125, 150909.96875, 143313.0, 161785.6875, 38801.0, 43743.0, 37479.0, 46558.0, -0.7648849487304688, -1.0407304763793945, 1.2417488098144531, -0.39290642738342285, 0.8779675960540771, 98.0
462786, -0.7601343989372253, -1.0400186777114868, 1.2417097091674805, 0.21676106750965118, -0.01170910894870758, -0.007912582717835903, 157673.578125, 121439.515625, 157802.8125, 150913.703125, 143307.71875, 161788.1875, 38999.0, 43540.0, 37228.0, 46749.0, -0.7611532211303711, -1.0409412384033203, 1.2414875030517578, -0.35713937878608704, 0.8629540205001831, 98.0
462806, -0.7556819319725037, -1.0403835773468018, 1.2414665222167969, 0.2142837643623352, -0.011161562986671925, -0.008464694023132324, 157673.578125, 121439.515625, 157802.8125, 150911.21875, 143301.4375, 161790.15625, 38598.0, 44042.0, 37723.0, 46384.0, -0.7562360763549805, -1.0413627624511719, 1.2407817840576172, -0.33054378628730774, 0.818577766418457, 98.0
462826, -0.7512453198432922, -1.0408334732055664, 1.2412137985229492, 0.21198873221874237, -0.011162620037794113, -0.0066479467786848545, 157673.578125, 121439.515625, 157802.8125, 150905.625, 143311.921875, 161783.1875, 38252.0, 43713.0, 38021.0, 46521.0, -0.7523717880249023, -1.0417566299438477, 1.2406902313232422, -0.3009558618068695, 0.7763034105300903, 98.0
462846, -0.7467559576034546, -1.0412189960479736, 1.2410564422607422, 0.2103389948606491, -0.010736231692135334, -0.006095954682677984, 157673.578125, 121439.515625, 157802.8125, 150908.109375, 143313.6875, 161791.21875, 39052.0, 43792.0, 37144.0, 46546.0, -0.7467927932739258, -1.0419807434082031, 1.2409915924072266, -0.2813818156719208, 0.7292575240135193, 98.0
462867, -0.7423768639564514, -1.0415892601013184, 1.240876317024231, 0.20850539207458496, -0.010472996160387993, -0.004667763132601976, 157673.578125, 121439.515625, 157802.8125, 150915.5625, 143308.78125, 161785.6875, 39582.0, 42964.0, 36654.0, 47129.0, -0.7423496246337891, -1.0423316955566406, 1.2403297424316406, -0.2544913589954376, 0.6928014755249023, 97.0
462886, -0.7379375100135803, -1.0420254468917847, 1.2406997680664062, 0.20716063678264618, -0.01055093202739954, -0.006746294908225536, 157673.578125, 121439.515625, 157802.8125, 150916.8125, 143317.203125, 161790.6875, 39092.0, 43456.0, 37153.0, 46807.0, -0.7382640838623047, -1.043135643005371, 1.2406597137451172, -0.22639888525009155, 0.635014533996582, 97.0
462907, -0.7335468530654907, -1.042436957359314, 1.2404831647872925, 0.20588518679141998, -0.010485236532986164, -0.006816897541284561, 157673.578125, 121439.515625, 157802.8125, 150910.59375, 143311.921875, 161793.71875, 38380.0, 43831.0, 38013.0, 46445.0, -0.7336673736572266, -1.043130874633789, 1.2402019500732422, -0.20299559831619263, 0.5968959331512451, 100.0
462926, -0.7289836406707764, -1.0428122282028198, 1.240287184715271, 0.20467448234558105, -0.010206780396401882, -0.006325387861579657, 157673.578125, 121439.515625, 157802.8125, 150919.90625, 143313.6875, 161794.78125, 37775.0, 44208.0, 38551.0, 46106.0, -0.7283773422241211, -1.0438909530639648, 1.2399482727050781, -0.17345961928367615, 0.5670636892318726, 100.0
462946, -0.7245745658874512, -1.043207049369812, 1.2401231527328491, 0.20392899215221405, -0.01005838718265295, -0.004222516436129808, 157673.578125, 121439.515625, 157802.8125, 150913.6875, 143316.140625, 161803.71875, 38976.0, 43140.0, 37354.0, 46959.0, -0.7248363494873047, -1.044011116027832, 1.2400169372558594, -0.1518433839082718, 0.5389954447746277, 100.0
462967, -0.7202630043029785, -1.0435476303100586, 1.2399879693984985, 0.2030022293329239, -0.009691697545349598, -0.004228941164910793, 157673.578125, 121439.515625, 157802.8125, 150917.421875, 143322.09375, 161807.28125, 39729.0, 42822.0, 36463.0, 47231.0, -0.7193441390991211, -1.0442924499511719, 1.2399616241455078, -0.13778932392597198, 0.4934823215007782, 102.0
462986, -0.7157821655273438, -1.0439121723175049, 1.2398536205291748, 0.2029162049293518, -0.00939996913075447, -0.004985415376722813, 157673.578125, 121439.515625, 157802.8125, 150918.046875, 143316.828125, 161808.71875, 39422.0, 43156.0, 36784.0, 46921.0, -0.7162694931030273, -1.0446138381958008, 1.2395286560058594, -0.12068790197372437, 0.4473397135734558, 102.0
463006, -0.7115000486373901, -1.0442510843276978, 1.239695429801941, 0.20221883058547974, -0.0090794013813138, -0.00591343455016613, 157673.578125, 121439.515625, 157802.8125, 150914.3125, 143312.609375, 161797.8125, 38403.0, 43812.0, 37987.0, 46344.0, -0.7110233306884766, -1.045435905456543, 1.2394294738769531, -0.10072951018810272, 0.4071982204914093, 102.0
463026, -0.707086443901062, -1.0446252822875977, 1.2395455837249756, 0.20217600464820862, -0.00903751328587532, -0.005334537010639906, 157673.578125, 121439.515625, 157802.8125, 150934.203125, 143317.515625, 161815.6875, 37609.0, 44445.0, 38713.0, 45884.0, -0.7065677642822266, -1.0454912185668945, 1.2394142150878906, -0.08694826811552048, 0.36892345547676086, 96.0
463046, -0.7026517391204834, -1.0450208187103271, 1.2393560409545898, 0.20236174762248993, -0.00897623784840107, -0.004364458844065666, 157673.578125, 121439.515625, 157802.8125, 150934.8125, 143326.625, 161804.25, 38259.0, 43895.0, 38062.0, 46263.0, -0.7027215957641602, -1.0462980270385742, 1.2387161254882812, -0.07549512386322021, 0.3403681814670563, 96.0
463067, -0.6983343958854675, -1.0453161001205444, 1.2392568588256836, 0.20225290954113007, -0.00854030717164278, -0.0026644484605640173, 157673.578125, 121439.515625, 157802.8125, 150926.109375, 143322.40625, 161810.6875, 39245.0, 42770.0, 36987.0, 47148.0, -0.6974782943725586, -1.0460987091064453, 1.239095687866211, -0.060559168457984924, 0.31146755814552307, 96.0
463086, -0.6938154697418213, -1.0457408428192139, 1.2391138076782227, 0.20293855667114258, -0.008653338998556137, -0.00328796892426908, 157673.578125, 121439.515625, 157802.8125, 150926.734375, 143328.375, 161811.21875, 39584.0, 42717.0, 36551.0, 47231.0, -0.693791389465332, -1.0467967987060547, 1.2388687133789062, -0.04756210744380951, 0.28850340843200684, 98.0
463107, -0.6893435716629028, -1.04610013961792, 1.23898184299469, 0.20347860455513, -0.008591091260313988, -0.004941602703183889, 157673.578125, 121439.515625, 157802.8125, 150931.09375, 143327.3125, 161811.765625, 38440.0, 43674.0, 37895.0, 46421.0, -0.6890859603881836, -1.0469894409179688, 1.2387065887451172, -0.0385182723402977, 0.28163617849349976, 98.0
463126, -0.6849334239959717, -1.0464355945587158, 1.2388557195663452, 0.20374667644500732, -0.008347341790795326, -0.00469463225454092, 157673.578125, 121439.515625, 157802.8125, 150933.578125, 143321.34375, 161816.234375, 38330.0, 43804.0, 37868.0, 46410.0, -0.6837911605834961, -1.0476570129394531, 1.2386360168457031, -0.03705607354640961, 0.2948278784751892, 97.0
463146, -0.6805378198623657, -1.0467478036880493, 1.2387102842330933, 0.20389050245285034, -0.008023235946893692, -0.005174858029931784, 157673.578125, 121439.515625, 157802.8125, 150936.671875, 143330.453125, 161809.796875, 37997.0, 44396.0, 38283.0, 45819.0, -0.6801023483276367, -1.0476179122924805, 1.2385101318359375, -0.03362393379211426, 0.3120695650577545, 97.0
463168, -0.6758998036384583, -1.047208309173584, 1.2384891510009766, 0.2048456221818924, -0.008292043581604958, -0.004441550932824612, 157673.578125, 121439.515625, 157802.8125, 150936.0625, 143335.34375, 161829.265625, 38887.0, 43344.0, 37402.0, 46742.0, -0.6753835678100586, -1.0484647750854492, 1.2379646301269531, -0.026833854615688324, 0.31278157234191895, 97.0
463186, -0.671230137348175, -1.0475200414657593, 1.238342046737671, 0.20514900982379913, -0.007892638444900513, -0.004681912716478109, 157673.578125, 121439.515625, 157802.8125, 150934.1875, 143332.203125, 161823.203125, 39374.0, 43546.0, 36828.0, 46566.0, -0.6709260940551758, -1.048257827758789, 1.2383003234863281, -0.026632487773895264, 0.30054935812950134, 100.0
463206, -0.6667805910110474, -1.0478553771972656, 1.238186001777649, 0.20537637174129486, -0.007827801629900932, -0.005570492707192898, 157673.578125, 121439.515625, 157802.8125, 150938.546875, 143332.203125, 161825.328125, 39224.0, 43014.0, 36908.0, 47062.0, -0.6662521362304688, -1.0490446090698242, 1.2376346588134766, -0.023395413532853127, 0.28249937295913696, 100.0
463226, -0.6622306704521179, -1.0482226610183716, 1.2379570007324219, 0.20602983236312866, -0.007915602996945381, -0.008352760225534439, 157673.578125, 121439.515625, 157802.8125, 150934.1875, 143331.140625, 161826.765625, 38781.0, 43251.0, 37443.0, 46878.0, -0.6615200042724609, -1.0492019653320312, 1.2375316619873047, -0.024991994723677635, 0.2847582995891571, 100.0
463246, -0.6575571894645691, -1.0486210584640503, 1.237740159034729, 0.20708522200584412, -0.008117315359413624, -0.008001827634871006, 157673.578125, 121439.515625, 157802.8125, 150936.671875, 143335.34375, 161827.296875, 38021.0, 44524.0, 38371.0, 45802.0, -0.6572370529174805, -1.0495491027832031, 1.237569808959961, -0.02641952596604824, 0.2848496437072754, 98.0
463266, -0.653114378452301, -1.0489091873168945, 1.2376072406768799, 0.20720775425434113, -0.007737175561487675, -0.005883542355149984, 157673.578125, 121439.515625, 157802.8125, 150943.515625, 143338.859375, 161834.265625, 38028.0, 44434.0, 38276.0, 45935.0, -0.6522960662841797, -1.0498027801513672, 1.2376213073730469, -0.02398953028023243, 0.2843407094478607, 98.0
463286, -0.6485178470611572, -1.0493239164352417, 1.2374078035354614, 0.20780889689922333, -0.00804322212934494, -0.004415290895849466, 157673.578125, 121439.515625, 157802.8125, 150938.546875, 143337.796875, 161838.734375, 38641.0, 43656.0, 37655.0, 46505.0, -0.6487655639648438, -1.0505104064941406, 1.2370223999023438, -0.025329217314720154, 0.28716686367988586, 98.0
463306, -0.6440284848213196, -1.049663782119751, 1.237273931503296, 0.20799820125102997, -0.008015883155167103, -0.00608612596988678, 157673.578125, 121439.515625, 157802.8125, 150947.234375, 143334.65625, 161830.328125, 39616.0, 42601.0, 36440.0, 47450.0, -0.6433000564575195, -1.0507183074951172, 1.23712158203125, -0.022255199030041695, 0.30314069986343384, 94.0
463326, -0.6393709778785706, -1.050036907196045, 1.237135887145996, 0.20874181389808655, -0.008235730230808258, -0.006848372984677553, 157673.578125, 121439.515625, 157802.8125, 150944.125, 143333.578125, 161836.765625, 39643.0, 42833.0, 36441.0, 47301.0, -0.6378993988037109, -1.050837516784668, 1.237457275390625, -0.021840136498212814, 0.32099655270576477, 94.0
463346, -0.6348441243171692, -1.0503884553909302, 1.2369123697280884, 0.2089170217514038, -0.00835044402629137, -0.0070217568427324295, 157673.578125, 121439.515625, 157802.8125, 150951.578125, 143347.59375, 161839.796875, 38461.0, 43825.0, 37837.0, 46427.0, -0.6351261138916016, -1.0515804290771484, 1.2360973358154297, -0.02485249936580658, 0.3283856213092804, 98.0
463366, -0.6302188634872437, -1.0507839918136597, 1.2367817163467407, 0.20939840376377106, -0.00870708841830492, -0.007126855198293924, 157673.578125, 121439.515625, 157802.8125, 150955.9375, 143346.890625, 161830.859375, 38121.0, 44044.0, 38147.0, 46222.0, -0.6294040679931641, -1.0516948699951172, 1.2367019653320312, -0.02727532386779785, 0.32939863204956055, 98.0
463386, -0.6255285143852234, -1.0511677265167236, 1.2366193532943726, 0.2100740224123001, -0.008863118477165699, -0.0074227796867489815, 157673.578125, 121439.515625, 157802.8125, 150950.96875, 143337.109375, 161842.828125, 38230.0, 44000.0, 37987.0, 46321.0, -0.625554084777832, -1.0522241592407227, 1.2365760803222656, -0.034085966646671295, 0.3387424349784851, 98.0
463406, -0.620964765548706, -1.0515860319137573, 1.2364543676376343, 0.21018658578395844, -0.009229419752955437, -0.005873453337699175, 157673.578125, 121439.515625, 157802.8125, 150949.71875, 143347.59375, 161837.296875, 39516.0, 42992.0, 36545.0, 47202.0, -0.6205329895019531, -1.0526752471923828, 1.2363643646240234, -0.040933117270469666, 0.3471199572086334, 101.0
463426, -0.6164759397506714, -1.0519400835037231, 1.2362464666366577, 0.20999398827552795, -0.009191859513521194, -0.007280663587152958, 157673.578125, 121439.515625, 157802.8125, 150944.125, 143338.484375, 161844.796875, 39861.0, 42828.0, 36219.0, 47266.0, -0.6156721115112305, -1.053217887878418, 1.235626220703125, -0.04749438911676407, 0.3627983033657074, 101.0
463446, -0.611635684967041, -1.0523107051849365, 1.236101746559143, 0.210231751203537, -0.009288259781897068, -0.006890898570418358, 157673.578125, 121439.515625, 157802.8125, 150959.03125, 143345.828125, 161837.828125, 39364.0, 43185.0, 36808.0, 47029.0, -0.6113767623901367, -1.053269386291504, 1.2363624572753906, -0.04737931489944458, 0.37833887338638306, 101.0
463466, -0.6070948839187622, -1.0527490377426147, 1.235877513885498, 0.21012906730175018, -0.009707290679216385, -0.008520569652318954, 157673.578125, 121439.515625, 157802.8125, 150957.171875, 143347.59375, 161854.265625, 38254.0, 43908.0, 38007.0, 46351.0, -0.606968879699707, -1.0539865493774414, 1.235189437866211, -0.046493370085954666, 0.38456112146377563, 97.0
463486, -0.6024095416069031, -1.0531682968139648, 1.2357357740402222, 0.2105260044336319, -0.009959744289517403, -0.0056605832651257515, 157673.578125, 121439.515625, 157802.8125, 150957.171875, 143343.375, 161855.328125, 37617.0, 44244.0, 38641.0, 46147.0, -0.6023283004760742, -1.0541763305664062, 1.236001968383789, -0.048941683024168015, 0.3956388533115387, 97.0
463506, -0.5978755354881287, -1.053547739982605, 1.2356173992156982, 0.2102796584367752, -0.00999928917735815, -0.00506596639752388, 157673.578125, 121439.515625, 157802.8125, 150950.328125, 143364.734375, 161855.328125, 38672.0, 43924.0, 37462.0, 46351.0, -0.5976285934448242, -1.0547971725463867, 1.2354164123535156, -0.053779236972332, 0.41227373480796814, 97.0
463526, -0.5932379961013794, -1.053982138633728, 1.2354676723480225, 0.21040937304496765, -0.010258227586746216, -0.004890848882496357, 157673.578125, 121439.515625, 157802.8125, 150957.171875, 143351.421875, 161847.828125, 38835.0, 43061.0, 37293.0, 47046.0, -0.5923309326171875, -1.0550785064697266, 1.2354621887207031, -0.057917479425668716, 0.4195495843887329, 98.0
463546, -0.5886815786361694, -1.0544134378433228, 1.2352845668792725, 0.21022848784923553, -0.010501737706363201, -0.007439414504915476, 157673.578125, 121439.515625, 157802.8125, 150959.65625, 143354.9375, 161855.328125, 39405.0, 42768.0, 36674.0, 47280.0, -0.5887050628662109, -1.055790901184082, 1.235198974609375, -0.05778677389025688, 0.4258037209510803, 98.0
463566, -0.5840689539909363, -1.054836392402649, 1.2350867986679077, 0.21025419235229492, -0.01063649170100689, -0.007626938633620739, 157673.578125, 121439.515625, 157802.8125, 150959.65625, 143358.765625, 161848.890625, 39462.0, 43347.0, 36796.0, 46823.0, -0.583195686340332, -1.055816650390625, 1.2352581024169922, -0.05654694512486458, 0.43750014901161194, 95.0
463586, -0.5795366764068604, -1.055266261100769, 1.2348456382751465, 0.20992997288703918, -0.010885498486459255, -0.006675315089523792, 157673.578125, 121439.515625, 157802.8125, 150958.40625, 143353.859375, 161858.359375, 37702.0, 44158.0, 38595.0, 46131.0, -0.5797996520996094, -1.056462287902832, 1.2340431213378906, -0.0529564805328846, 0.4456236660480499, 95.0
463607, -0.5747712850570679, -1.0557812452316284, 1.2346967458724976, 0.21041572093963623, -0.011307047680020332, -0.005284516606479883, 157673.578125, 121439.515625, 157802.8125, 150960.890625, 143358.0625, 161855.859375, 38161.0, 44172.0, 38030.0, 46103.0, -0.5744924545288086, -1.0566701889038086, 1.2349357604980469, -0.05060061067342758, 0.4526602625846863, 95.0
463626, -0.5702686905860901, -1.0561884641647339, 1.2345465421676636, 0.20992118120193481, -0.011285313405096531, -0.006055942736566067, 157673.578125, 121439.515625, 157802.8125, 150964.625, 143358.0625, 161865.328125, 38899.0, 44168.0, 37179.0, 46126.0, -0.5706868171691895, -1.0572223663330078, 1.2345466613769531, -0.054659467190504074, 0.46327707171440125, 97.0
463646, -0.5656818151473999, -1.0565893650054932, 1.234334945678711, 0.20976169407367706, -0.011199265718460083, -0.007954266853630543, 157673.578125, 121439.515625, 157802.8125, 150962.140625, 143361.203125, 161863.890625, 39718.0, 42846.0, 36381.0, 47254.0, -0.5655851364135742, -1.057790756225586, 1.234100341796875, -0.05654546618461609, 0.47366005182266235, 97.0
463666, -0.5610341429710388, -1.0570919513702393, 1.2340896129608154, 0.20977289974689484, -0.011706461198627949, -0.008992088958621025, 157673.578125, 121439.515625, 157802.8125, 150963.375, 143358.765625, 161868.359375, 39438.0, 43083.0, 36638.0, 47205.0, -0.560572624206543, -1.0581445693969727, 1.233987808227539, -0.060023024678230286, 0.47171029448509216, 97.0
463686, -0.5563881397247314, -1.0575511455535889, 1.2338175773620605, 0.20989301800727844, -0.011849213391542435, -0.009916050359606743, 157673.578125, 121439.515625, 157802.8125, 150965.234375, 143362.96875, 161859.421875, 38676.0, 43860.0, 37550.0, 46542.0, -0.5568861961364746, -1.0586223602294922, 1.2328777313232422, -0.06726562976837158, 0.45155659317970276, 96.0
463706, -0.5515871644020081, -1.0579785108566284, 1.2334873676300049, 0.2097596377134323, -0.011764660477638245, -0.008992059156298637, 157673.578125, 121439.515625, 157802.8125, 150965.859375, 143365.421875, 161873.359375, 38304.0, 44323.0, 38001.0, 46144.0, -0.5516705513000488, -1.0589532852172852, 1.232381820678711, -0.07871213555335999, 0.4403926730155945, 96.0
463726, -0.547053337097168, -1.0584748983383179, 1.2332521677017212, 0.2094157189130783, -0.01204108539968729, -0.008055000565946102, 157673.578125, 121439.515625, 157802.8125, 150961.5, 143366.109375, 161870.859375, 38316.0, 44069.0, 37954.0, 46569.0, -0.5477108955383301, -1.059504508972168, 1.2330150604248047, -0.08687372505664825, 0.4319719672203064, 96.0
463746, -0.542485773563385, -1.058889627456665, 1.2330479621887207, 0.20932607352733612, -0.011845008470118046, -0.007579732686281204, 157673.578125, 121439.515625, 157802.8125, 150975.796875, 143376.96875, 161875.859375, 39665.0, 43086.0, 36524.0, 47318.0, -0.5423345565795898, -1.0595769882202148, 1.232431411743164, -0.0914384126663208, 0.4312842786312103, 98.0
463766, -0.5377882122993469, -1.0593690872192383, 1.2327960729599, 0.2096802443265915, -0.011889730580151081, -0.008195007219910622, 157673.578125, 121439.515625, 157802.8125, 150970.203125, 143367.859375, 161868.890625, 39655.0, 43045.0, 36424.0, 47257.0, -0.5372071266174316, -1.0607481002807617, 1.2330970764160156, -0.09723649173974991, 0.4381714463233948, 98.0
463786, -0.5332044959068298, -1.0598506927490234, 1.2325292825698853, 0.2096245139837265, -0.011994651518762112, -0.008641904219985008, 157673.578125, 121439.515625, 157802.8125, 150968.34375, 143366.796875, 161873.890625, 39265.0, 43339.0, 37010.0, 47146.0, -0.5336880683898926, -1.0607786178588867, 1.23211669921875, -0.09687330573797226, 0.4320496618747711, 95.0
463806, -0.5286762118339539, -1.0603126287460327, 1.232201099395752, 0.20939573645591736, -0.012010743841528893, -0.0075454083271324635, 157673.578125, 121439.515625, 157802.8125, 150977.65625, 143378.34375, 161876.390625, 38209.0, 44146.0, 38147.0, 46256.0, -0.5289640426635742, -1.0613746643066406, 1.231454849243164, -0.09766071289777756, 0.41895562410354614, 95.0
463826, -0.5241152048110962, -1.0607620477676392, 1.2320277690887451, 0.20930391550064087, -0.01183579582720995, -0.005003025755286217, 157673.578125, 121439.515625, 157802.8125, 150980.140625, 143381.875, 161879.4375, 38487.0, 44265.0, 37801.0, 46355.0, -0.5246272087097168, -1.0616741180419922, 1.2322216033935547, -0.09929613769054413, 0.40485936403274536, 95.0
463846, -0.5195878744125366, -1.061194658279419, 1.2318474054336548, 0.2091558277606964, -0.011669885367155075, -0.004265672992914915, 157673.578125, 121439.515625, 157802.8125, 150978.890625, 143380.109375, 161874.421875, 39127.0, 43176.0, 37173.0, 47128.0, -0.5195369720458984, -1.0624103546142578, 1.23175048828125, -0.1018119677901268, 0.4025389850139618, 98.0
463866, -0.5150186419487, -1.061684489250183, 1.2316151857376099, 0.20914298295974731, -0.011754034087061882, -0.004888308234512806, 157673.578125, 121439.515625, 157802.8125, 150974.546875, 143383.25, 161879.4375, 39132.0, 43517.0, 37078.0, 46664.0, -0.514742374420166, -1.0628271102905273, 1.2311267852783203, -0.09900462627410889, 0.40315553545951843, 98.0
463886, -0.5104022026062012, -1.0621360540390015, 1.2314326763153076, 0.20934876799583435, -0.011696204543113708, -0.006230298429727554, 157673.578125, 121439.515625, 157802.8125, 150980.765625, 143375.90625, 161876.921875, 39837.0, 43067.0, 36470.0, 47177.0, -0.5106115341186523, -1.0629138946533203, 1.2311534881591797, -0.0942012369632721, 0.405830055475235, 98.0
463906, -0.5058402419090271, -1.062538743019104, 1.2312257289886475, 0.20934882760047913, -0.011338764801621437, -0.00557260075584054, 157673.578125, 121439.515625, 157802.8125, 150975.15625, 143378.34375, 161896.40625, 38309.0, 44239.0, 38041.0, 46244.0, -0.5057458877563477, -1.0635910034179688, 1.2308540344238281, -0.08994008600711823, 0.40396541357040405, 99.0
463926, -0.5012931823730469, -1.0630196332931519, 1.2309956550598145, 0.20923635363578796, -0.011452005244791508, -0.004357851110398769, 157673.578125, 121439.515625, 157802.8125, 150986.34375, 143385.0, 161883.90625, 38278.0, 44300.0, 38259.0, 46051.0, -0.5007820129394531, -1.0639762878417969, 1.2303028106689453, -0.08490177989006042, 0.40296727418899536, 99.0
463946, -0.4966753125190735, -1.063509225845337, 1.2307848930358887, 0.2093772143125534, -0.011498485691845417, -0.0033510979264974594, 157673.578125, 121439.515625, 157802.8125, 150985.734375, 143376.59375, 161890.875, 38857.0, 43903.0, 37654.0, 46358.0, -0.4968376159667969, -1.064539909362793, 1.2304496765136719, -0.07691994309425354, 0.40740707516670227, 99.0
463966, -0.49197378754615784, -1.0639472007751465, 1.230621576309204, 0.2090044468641281, -0.011259392835199833, -0.0024812202900648117, 157673.578125, 121439.515625, 157802.8125, 150983.25, 143388.140625, 161896.40625, 39504.0, 43152.0, 36964.0, 46928.0, -0.49216222763061523, -1.065286636352539, 1.2292747497558594, -0.07033182680606842, 0.41603896021842957, 100.0
463986, -0.48744815587997437, -1.064420223236084, 1.2303681373596191, 0.20880863070487976, -0.011241027154028416, -0.004034576937556267, 157673.578125, 121439.515625, 157802.8125, 150980.125, 143385.3125, 161903.375, 39317.0, 43045.0, 37271.0, 46921.0, -0.4881463050842285, -1.0654640197753906, 1.2296409606933594, -0.058378659188747406, 0.4226700961589813, 100.0
464006, -0.48290562629699707, -1.0648338794708252, 1.2301987409591675, 0.20869144797325134, -0.010986190289258957, -0.003975165542215109, 157673.578125, 121439.515625, 157802.8125, 150993.1875, 143377.28125, 161896.9375, 38675.0, 43704.0, 38016.0, 46405.0, -0.4826936721801758, -1.0658483505249023, 1.2297306060791016, -0.04610997810959816, 0.42125609517097473, 99.0
464026, -0.47800809144973755, -1.0653101205825806, 1.229975700378418, 0.20902186632156372, -0.010809998027980328, -0.003380902111530304, 157673.578125, 121439.515625, 157802.8125, 150988.828125, 143385.703125, 161896.40625, 38264.0, 44096.0, 38235.0, 46198.0, -0.4777250289916992, -1.0662994384765625, 1.229074478149414, -0.02985163778066635, 0.41971009969711304, 99.0
464046, -0.4756383001804352, -1.0656037330627441, 1.229842185974121, 0.20928911864757538, -0.011010748334228992, -0.0031596373300999403, 157673.578125, 121439.515625, 157802.8125, 150986.34375, 143389.515625, 161899.4375, 38726.0, 43915.0, 37726.0, 46364.0, -0.4742879867553711, -1.0667448043823242, 1.2293453216552734, -0.01649654097855091, 0.41866442561149597, 99.0
464066, -0.46892765164375305, -1.066159725189209, 1.2296175956726074, 0.20875829458236694, -0.010169030167162418, -0.0020303791388869286, 157673.578125, 121439.515625, 157802.8125, 150991.3125, 143393.734375, 161896.40625, 38716.0, 43924.0, 37763.0, 46320.0, -0.4689459800720215, -1.0670785903930664, 1.229013442993164, -0.002954816212877631, 0.4161244332790375, 99.0
464086, -0.46650367975234985, -1.0664681196212769, 1.2294443845748901, 0.20927394926548004, -0.010432492010295391, -0.0029749739915132523, 157673.578125, 121439.515625, 157802.8125, 150994.421875, 143387.078125, 161899.4375, 39981.0, 43195.0, 36396.0, 46904.0, -0.46549272537231445, -1.0676145553588867, 1.2286262512207031, 0.012113045901060104, 0.4146285653114319, 99.0
464107, -0.45977362990379333, -1.0670983791351318, 1.229086995124817, 0.20888754725456238, -0.0101326210424304, -0.0057039265520870686, 157673.578125, 121439.515625, 157802.8125, 150999.390625, 143391.96875, 161908.90625, 39613.0, 42707.0, 36879.0, 47304.0, -0.46003103256225586, -1.0676651000976562, 1.2287101745605469, 0.028848059475421906, 0.39342251420021057, 99.0
464126, -0.4552443027496338, -1.0674798488616943, 1.228827953338623, 0.20889520645141602, -0.00961674377322197, -0.005373464431613684, 157673.578125, 121439.515625, 157802.8125, 150999.390625, 143387.078125, 161897.46875, 39089.0, 43842.0, 37613.0, 46393.0, -0.4552021026611328, -1.068434715270996, 1.2284278869628906, 0.042307447642087936, 0.3705465793609619, 100.0
464146, -0.4507638216018677, -1.067832589149475, 1.228606939315796, 0.20873863995075226, -0.009038088843226433, -0.004857390653342009, 157673.578125, 121439.515625, 157802.8125, 151001.875, 143393.734375, 161904.4375, 38494.0, 44309.0, 38311.0, 45917.0, -0.45155906677246094, -1.0687236785888672, 1.227914810180664, 0.06355636566877365, 0.35711759328842163, 100.0
464166, -0.44615107774734497, -1.068284273147583, 1.2283626794815063, 0.2090771198272705, -0.008971544913947582, -0.004439318086951971, 157673.578125, 121439.515625, 157802.8125, 151003.734375, 143395.109375, 161900.5, 38814.0, 43628.0, 37977.0, 46514.0, -0.4476480484008789, -1.0692033767700195, 1.2278594970703125, 0.08775901794433594, 0.35325586795806885, 100.0
464186, -0.4415516257286072, -1.0686815977096558, 1.2281105518341064, 0.20936772227287292, -0.008632675744593143, -0.006162026897072792, 157673.578125, 121439.515625, 157802.8125, 150996.90625, 143394.421875, 161916.40625, 39235.0, 43441.0, 37479.0, 46709.0, -0.4424118995666504, -1.0696210861206055, 1.227579116821289, 0.1064479798078537, 0.35184887051582336, 100.0
464206, -0.4370458424091339, -1.0690217018127441, 1.2278112173080444, 0.20933908224105835, -0.007998701184988022, -0.008181854151189327, 157673.578125, 121439.515625, 157802.8125, 150992.546875, 143397.5625, 161908.53125, 39197.0, 43589.0, 37841.0, 46493.0, -0.4375152587890625, -1.0701847076416016, 1.2269668579101562, 0.1200718805193901, 0.34864893555641174, 100.0
464226, -0.43239355087280273, -1.06942880153656, 1.227500081062317, 0.20981131494045258, -0.00776662677526474, -0.009138459339737892, 157673.578125, 121439.515625, 157802.8125, 151003.125, 143401.078125, 161909.96875, 39521.0, 43571.0, 37369.0, 46714.0, -0.4335813522338867, -1.070291519165039, 1.2272109985351562, 0.13524314761161804, 0.35262399911880493, 102.0
464246, -0.42786186933517456, -1.0698574781417847, 1.227131962776184, 0.2097664177417755, -0.007766858208924532, -0.008426960557699203, 157673.578125, 121439.515625, 157802.8125, 151004.96875, 143401.765625, 161922.46875, 39176.0, 43518.0, 37894.0, 46728.0, -0.42859649658203125, -1.070516586303711, 1.2264690399169922, 0.15223626792430878, 0.34834879636764526, 102.0
464266, -0.42332226037979126, -1.0701770782470703, 1.2269163131713867, 0.20982028543949127, -0.0071727135218679905, -0.006184527650475502, 157673.578125, 121439.515625, 157802.8125, 151002.484375, 143404.21875, 161917.46875, 38981.0, 44099.0, 38047.0, 46241.0, -0.42359495162963867, -1.0712299346923828, 1.2266254425048828, 0.16701878607273102, 0.34414270520210266, 102.0
464286, -0.4209579527378082, -1.070427417755127, 1.2267533540725708, 0.21017220616340637, -0.00731069827452302, -0.0061007048934698105, 157673.578125, 121439.515625, 157802.8125, 151007.453125, 143392.65625, 161913.0, 39266.0, 43516.0, 37662.0, 46704.0, -0.4196610450744629, -1.0717668533325195, 1.2261505126953125, 0.18401844799518585, 0.35487401485443115, 99.0
464307, -0.41426411271095276, -1.0708868503570557, 1.226449728012085, 0.20976541936397552, -0.006481563206762075, -0.006009233649820089, 157673.578125, 121439.515625, 157802.8125, 151004.359375, 143404.90625, 161922.46875, 39557.0, 43126.0, 37556.0, 46939.0, -0.41451549530029297, -1.0720691680908203, 1.2260284423828125, 0.19452115893363953, 0.35510462522506714, 99.0
464326, -0.41192641854286194, -1.071159839630127, 1.22630774974823, 0.2099994719028473, -0.006766167469322681, -0.005973786115646362, 157673.578125, 121439.515625, 157802.8125, 151006.84375, 143404.21875, 161913.0, 39195.0, 43903.0, 37816.0, 46327.0, -0.410733699798584, -1.072504997253418, 1.2258167266845703, 0.2101093977689743, 0.3489168882369995, 99.0
464346, -0.4052581489086151, -1.071596622467041, 1.2260453701019287, 0.20950523018836975, -0.0059682028368115425, -0.0037867845967411995, 157673.578125, 121439.515625, 157802.8125, 151003.109375, 143409.796875, 161924.0625, 38609.0, 44352.0, 38613.0, 45707.0, -0.40554141998291016, -1.0729608535766602, 1.22552490234375, 0.22966399788856506, 0.36194518208503723, 99.0
464366, -0.40061822533607483, -1.0720022916793823, 1.2258050441741943, 0.20979982614517212, -0.00612185662612319, -0.0033445407170802355, 157673.578125, 121439.515625, 157802.8125, 151003.109375, 143412.25, 161918.0, 38283.0, 44020.0, 38618.0, 46204.0, -0.40061283111572266, -1.073028564453125, 1.2249565124511719, 0.24063368141651154, 0.3843913674354553, 99.0
464386, -0.3960758149623871, -1.072304606437683, 1.2256367206573486, 0.20966584980487823, -0.005776694975793362, -0.0035160109400749207, 157673.578125, 121439.515625, 157802.8125, 151012.421875, 143411.1875, 161919.96875, 38934.0, 43572.0, 37963.0, 46587.0, -0.39683055877685547, -1.0732049942016602, 1.225748062133789, 0.252168744802475, 0.40522417426109314, 99.0
464406, -0.3914480209350586, -1.0727061033248901, 1.2254517078399658, 0.20984238386154175, -0.005938404239714146, -0.004452723544090986, 157673.578125, 121439.515625, 157802.8125, 151011.8125, 143412.9375, 161923.0, 40230.0, 42590.0, 37082.0, 47133.0, -0.3916945457458496, -1.0740032196044922, 1.2250652313232422, 0.26629638671875, 0.4089862108230591, 101.0
464426, -0.38676193356513977, -1.073060154914856, 1.2252273559570312, 0.21027438342571259, -0.005862984340637922, -0.0036495961248874664, 157673.578125, 121439.515625, 157802.8125, 151009.9375, 143417.84375, 161923.0, 39640.0, 42961.0, 37340.0, 47099.0, -0.3879690170288086, -1.0739984512329102, 1.2250709533691406, 0.27840656042099, 0.38648802042007446, 101.0
464446, -0.38226792216300964, -1.0733932256698608, 1.2250499725341797, 0.21001647412776947, -0.005791008938103914, -0.002780293347314, 157673.578125, 121439.515625, 157802.8125, 151017.390625, 143414.703125, 161921.03125, 38492.0, 44060.0, 38561.0, 46095.0, -0.3829503059387207, -1.0748176574707031, 1.2244815826416016, 0.2950136065483093, 0.37141159176826477, 98.0
464466, -0.3776063621044159, -1.0737943649291992, 1.2249186038970947, 0.21034426987171173, -0.0060363891534507275, -0.0016981071094051003, 157673.578125, 121439.515625, 157802.8125, 151021.75, 143419.59375, 161928.53125, 38283.0, 43994.0, 38785.0, 46098.0, -0.3789939880371094, -1.0748271942138672, 1.2244396209716797, 0.30949193239212036, 0.37812861800193787, 98.0
464486, -0.37307852506637573, -1.074183702468872, 1.2247281074523926, 0.21015003323554993, -0.0061705345287919044, -0.0028948928229510784, 157673.578125, 121439.515625, 157802.8125, 151014.90625, 143418.53125, 161934.96875, 38911.0, 43747.0, 38145.0, 46265.0, -0.3740663528442383, -1.0754833221435547, 1.2243671417236328, 0.33074116706848145, 0.3921494781970978, 98.0
464506, -0.3685562312602997, -1.0745292901992798, 1.2245591878890991, 0.20992739498615265, -0.006243988871574402, -0.003577646566554904, 157673.578125, 121439.515625, 157802.8125, 151021.75, 143417.15625, 161938.53125, 39878.0, 43297.0, 37157.0, 46698.0, -0.36882925033569336, -1.0755672454833984, 1.224233627319336, 0.3548731207847595, 0.40550750494003296, 101.0
464526, -0.36579567193984985, -1.0748809576034546, 1.2243553400039673, 0.21080495417118073, -0.006926202215254307, -0.0032192785292863846, 157673.578125, 121439.515625, 157802.8125, 151018.015625, 143416.078125, 161931.03125, 39059.0, 43319.0, 38137.0, 46662.0, -0.36509084701538086, -1.0760879516601562, 1.2237491607666016, 0.3713318109512329, 0.413743257522583, 101.0
464546, -0.3608446717262268, -1.0752226114273071, 1.2242180109024048, 0.2103777825832367, -0.006878282874822617, -0.002698360476642847, 157673.578125, 121439.515625, 157802.8125, 151025.46875, 143425.1875, 161949.453125, 39026.0, 43634.0, 38124.0, 46425.0, -0.35991954803466797, -1.076289176940918, 1.223825454711914, 0.38877296447753906, 0.4363185465335846, 101.0
464566, -0.3559424579143524, -1.0756397247314453, 1.2240519523620605, 0.2105330228805542, -0.0070752776227891445, -0.0005376011249609292, 157673.578125, 121439.515625, 157802.8125, 151022.984375, 143419.21875, 161940.5, 39137.0, 43638.0, 38022.0, 46376.0, -0.3548164367675781, -1.0769424438476562, 1.2235431671142578, 0.4047166705131531, 0.45320847630500793, 99.0
464586, -0.35130196809768677, -1.076064109802246, 1.2238655090332031, 0.21060442924499512, -0.007393239997327328, -0.0023482467513531446, 157673.578125, 121439.515625, 157802.8125, 151022.984375, 143418.53125, 161945.5, 39296.0, 43577.0, 37952.0, 46240.0, -0.3511166572570801, -1.0773601531982422, 1.223257064819336, 0.4274543225765228, 0.45157143473625183, 99.0
464606, -0.34681060910224915, -1.076419472694397, 1.2236909866333008, 0.21009960770606995, -0.007457775063812733, -0.004272058606147766, 157673.578125, 121439.515625, 157802.8125, 151030.4375, 143424.5, 161934.59375, 40058.0, 43198.0, 37231.0, 46666.0, -0.3460073471069336, -1.0776662826538086, 1.2230262756347656, 0.4497503340244293, 0.44094645977020264, 99.0
464626, -0.34221115708351135, -1.0768461227416992, 1.2234933376312256, 0.21005462110042572, -0.007825607433915138, -0.003182794200256467, 157673.578125, 121439.515625, 157802.8125, 151022.984375, 143427.640625, 161941.03125, 39906.0, 43174.0, 37346.0, 46797.0, -0.3423013687133789, -1.0778989791870117, 1.2230892181396484, 0.4671090245246887, 0.42154181003570557, 102.0
464646, -0.3377724587917328, -1.0772132873535156, 1.223320484161377, 0.20942644774913788, -0.007955310866236687, -0.0017025405541062355, 157673.578125, 121439.515625, 157802.8125, 151026.71875, 143423.421875, 161948.53125, 38487.0, 44002.0, 38850.0, 45885.0, -0.33735227584838867, -1.078505516052246, 1.2223873138427734, 0.48843544721603394, 0.42354506254196167, 102.0
464666, -0.33313292264938354, -1.0776492357254028, 1.2231889963150024, 0.20960311591625214, -0.008283155970275402, -0.00040059268940240145, 157673.578125, 121439.515625, 157802.8125, 151029.1875, 143437.421875, 161951.5625, 38327.0, 43903.0, 39021.0, 45994.0, -0.3319835662841797, -1.0787935256958008, 1.2228622436523438, 0.5097456574440002, 0.4331718981266022, 94.0
464686, -0.32871580123901367, -1.0780128240585327, 1.223057746887207, 0.20893767476081848, -0.008336110040545464, -0.0018645537784323096, 157673.578125, 121439.515625, 157802.8125, 151031.046875, 143419.90625, 161943.53125, 38777.0, 43796.0, 38538.0, 46044.0, -0.32834863662719727, -1.079176902770996, 1.2223224639892578, 0.5292640924453735, 0.44168373942375183, 94.0
464706, -0.3241134285926819, -1.078421711921692, 1.2228785753250122, 0.20897509157657623, -0.00845858734101057, -0.0019391096429899335, 157673.578125, 121439.515625, 157802.8125, 151028.5625, 143430.765625, 161951.5625, 39353.0, 43508.0, 38005.0, 46347.0, -0.3231773376464844, -1.079446792602539, 1.2222537994384766, 0.5477772355079651, 0.44708573818206787, 94.0
464726, -0.3194410800933838, -1.0788785219192505, 1.2227039337158203, 0.20923638343811035, -0.00880186352878809, -0.0016542811645194888, 157673.578125, 121439.515625, 157802.8125, 151036.03125, 143433.90625, 161951.5625, 39572.0, 43372.0, 37807.0, 46457.0, -0.31797122955322266, -1.0801830291748047, 1.2222824096679688, 0.5669831037521362, 0.4515981078147888, 103.0
464746, -0.3148758113384247, -1.0793242454528809, 1.222516417503357, 0.20909835398197174, -0.009019332937896252, -0.0004262495203875005, 157673.578125, 121439.515625, 157802.8125, 151037.28125, 143429.015625, 161964.078125, 39280.0, 43757.0, 38243.0, 46015.0, -0.3145146369934082, -1.0806512832641602, 1.2220230102539062, 0.5940407514572144, 0.4493086636066437, 103.0
464766, -0.31037935614585876, -1.0797076225280762, 1.222406029701233, 0.20875929296016693, -0.009005521424114704, -0.0015503448667004704, 157673.578125, 121439.515625, 157802.8125, 151031.046875, 143434.984375, 161961.578125, 39136.0, 43666.0, 38298.0, 46084.0, -0.30937957763671875, -1.0808591842651367, 1.2219467163085938, 0.615129292011261, 0.4455232620239258, 103.0
464786, -0.305996298789978, -1.0800985097885132, 1.222232460975647, 0.2079915702342987, -0.00901365838944912, -0.0023138923570513725, 157673.578125, 121439.515625, 157802.8125, 151033.546875, 143440.5625, 161968.015625, 39980.0, 43126.0, 37412.0, 46707.0, -0.3058204650878906, -1.0816164016723633, 1.221588134765625, 0.6374914050102234, 0.4430648386478424, 100.0
464806, -0.3014095425605774, -1.0805152654647827, 1.222046136856079, 0.20803722739219666, -0.0090785538777709, -0.0011591824004426599, 157673.578125, 121439.515625, 157802.8125, 151041.0, 143439.875, 161959.078125, 39631.0, 42900.0, 37802.0, 46821.0, -0.3004441261291504, -1.0816764831542969, 1.221343994140625, 0.6583859920501709, 0.43233007192611694, 100.0
464826, -0.29683059453964233, -1.0809788703918457, 1.2219077348709106, 0.20806923508644104, -0.009390080347657204, -0.002013233955949545, 157673.578125, 121439.515625, 157802.8125, 151036.640625, 143443.015625, 161964.078125, 39657.0, 43300.0, 37840.0, 46429.0, -0.2966899871826172, -1.082223892211914, 1.2215938568115234, 0.6769821643829346, 0.42119547724723816, 100.0
464847, -0.2922826409339905, -1.081416130065918, 1.2217389345169067, 0.20804041624069214, -0.009477606974542141, -0.0037191009614616632, 157673.578125, 121439.515625, 157802.8125, 151039.75, 143434.59375, 161972.109375, 38707.0, 44262.0, 39069.0, 45634.0, -0.2917952537536621, -1.0825262069702148, 1.221200942993164, 0.6991117596626282, 0.42420071363449097, 100.0
464866, -0.28758475184440613, -1.0818179845809937, 1.2215124368667603, 0.20776234567165375, -0.00933211762458086, -0.005376208573579788, 157673.578125, 121439.515625, 157802.8125, 151043.484375, 143440.5625, 161967.640625, 39488.0, 44093.0, 38223.0, 45730.0, -0.28802919387817383, -1.082773208618164, 1.2209949493408203, 0.7187557220458984, 0.43222281336784363, 100.0
464886, -0.2828403115272522, -1.082263708114624, 1.2212979793548584, 0.2075469195842743, -0.00931341852992773, -0.004491332918405533, 157673.578125, 121439.515625, 157802.8125, 151039.125, 143443.015625, 161969.609375, 40064.0, 42845.0, 37905.0, 46942.0, -0.2829406261444092, -1.0834922790527344, 1.2207489013671875, 0.7305659651756287, 0.43286243081092834, 100.0
464906, -0.27844423055648804, -1.0826475620269775, 1.221152901649475, 0.20694568753242493, -0.009161429479718208, -0.002438509603962302, 157673.578125, 121439.515625, 157802.8125, 151052.1875, 143444.78125, 161967.109375, 40734.0, 42290.0, 37154.0, 47372.0, -0.2778329849243164, -1.0838689804077148, 1.220754623413086, 0.7501916885375977, 0.42984405159950256, 97.0
464926, -0.27386409044265747, -1.0830754041671753, 1.2209973335266113, 0.2071540504693985, -0.00917110126465559, -0.0026986361481249332, 157673.578125, 121439.515625, 157802.8125, 151044.71875, 143446.84375, 161965.140625, 39909.0, 43029.0, 38031.0, 46675.0, -0.27395057678222656, -1.083841323852539, 1.2209014892578125, 0.7733638882637024, 0.40791234374046326, 97.0
464946, -0.269001305103302, -1.083527684211731, 1.2208709716796875, 0.20764796435832977, -0.009096612222492695, -0.002078037243336439, 157673.578125, 121439.515625, 157802.8125, 151054.03125, 143447.90625, 161974.078125, 38990.0, 43814.0, 39048.0, 45977.0, -0.26890063285827637, -1.084747314453125, 1.220672607421875, 0.7977229356765747, 0.38230234384536743, 100.0
464966, -0.26459577679634094, -1.0838961601257324, 1.2207499742507935, 0.20729248225688934, -0.008892337791621685, -0.001134432153776288, 157673.578125, 121439.515625, 157802.8125, 151041.609375, 143452.8125, 161977.640625, 39259.0, 43445.0, 38820.0, 46223.0, -0.26399970054626465, -1.0848026275634766, 1.2200450897216797, 0.8228802680969238, 0.35622817277908325, 100.0
464986, -0.2599865198135376, -1.0843219757080078, 1.2206922769546509, 0.20777402818202972, -0.008844833821058273, 0.0001313415268668905, 157673.578125, 121439.515625, 157802.8125, 151049.6875, 143449.296875, 161979.609375, 39933.0, 43052.0, 38069.0, 46554.0, -0.2600836753845215, -1.0855684280395508, 1.2207584381103516, 0.8463229537010193, 0.3510299324989319, 100.0
465007, -0.25543367862701416, -1.0847123861312866, 1.2206017971038818, 0.208029106259346, -0.008754906244575977, -0.00037228732253424823, 157673.578125, 121439.515625, 157802.8125, 151046.578125, 143452.125, 161979.609375, 39762.0, 42997.0, 38132.0, 46618.0, -0.255199670791626, -1.0858469009399414, 1.2200794219970703, 0.8653476238250732, 0.35022395849227905, 104.0
465026, -0.25088977813720703, -1.0851160287857056, 1.2205168008804321, 0.20820775628089905, -0.008549231104552746, -0.0015345073770731688, 157673.578125, 121439.515625, 157802.8125, 151051.546875, 143449.296875, 161982.109375, 39798.0, 43224.0, 38223.0, 46352.0, -0.25161218643188477, -1.085951805114746, 1.2205619812011719, 0.881077229976654, 0.34858793020248413, 104.0
465046, -0.24635756015777588, -1.0854851007461548, 1.2204232215881348, 0.2083306759595871, -0.008242563344538212, -0.0015512866666540504, 157673.578125, 121439.515625, 157802.8125, 151056.515625, 143454.875, 161977.109375, 39202.0, 43859.0, 38661.0, 45778.0, -0.2462303638458252, -1.0867795944213867, 1.2201099395751953, 0.8910741806030273, 0.3558240234851837, 104.0
465066, -0.24183230102062225, -1.0858893394470215, 1.2203845977783203, 0.20835049450397491, -0.007986503653228283, 0.0016087449621409178, 157673.578125, 121439.515625, 157802.8125, 151050.296875, 143453.5, 161982.109375, 39104.0, 43283.0, 39195.0, 46178.0, -0.24142861366271973, -1.0869455337524414, 1.21978759765625, 0.904240608215332, 0.3637067675590515, 99.0
465086, -0.23731990158557892, -1.086253046989441, 1.2203779220581055, 0.20830190181732178, -0.007744637317955494, 0.0017060767859220505, 157673.578125, 121439.515625, 157802.8125, 151061.484375, 143451.046875, 161985.140625, 39243.0, 43119.0, 38635.0, 46442.0, -0.23760771751403809, -1.0872259140014648, 1.2199687957763672, 0.9166763424873352, 0.3729027509689331, 99.0
465107, -0.23267298936843872, -1.086647629737854, 1.2203080654144287, 0.2087385207414627, -0.007588569540530443, 0.0017535628285259008, 157673.578125, 121439.515625, 157802.8125, 151059.0, 143457.328125, 161991.578125, 39807.0, 42921.0, 37983.0, 46643.0, -0.23263192176818848, -1.088104248046875, 1.2197990417480469, 0.9247872829437256, 0.37785032391548157, 99.0
465126, -0.22810840606689453, -1.0870109796524048, 1.2202887535095215, 0.20886068046092987, -0.007335773203521967, 0.0024385573342442513, 157673.578125, 121439.515625, 157802.8125, 151058.375, 143462.21875, 161985.671875, 39796.0, 43118.0, 38069.0, 46415.0, -0.22874760627746582, -1.0879106521606445, 1.2199726104736328, 0.9301239848136902, 0.3764200508594513, 102.0
465146, -0.22357729077339172, -1.087336540222168, 1.2202954292297363, 0.20881366729736328, -0.006884890608489513, 0.0037232961039990187, 157673.578125, 121439.515625, 157802.8125, 151057.140625, 143454.875, 161990.671875, 38470.0, 43623.0, 39225.0, 45993.0, -0.2235889434814453, -1.088399887084961, 1.2201728820800781, 0.9346396327018738, 0.3789239525794983, 102.0
465166, -0.21908053755760193, -1.0877292156219482, 1.2202632427215576, 0.20866093039512634, -0.006867948453873396, 0.003178197192028165, 157673.578125, 121439.515625, 157802.8125, 151057.75, 143466.4375, 162000.140625, 38407.0, 43846.0, 39327.0, 45742.0, -0.21996164321899414, -1.0884065628051758, 1.2199115753173828, 0.935469925403595, 0.37889859080314636, 101.0
465186, -0.21448089182376862, -1.0880634784698486, 1.2201900482177734, 0.20888830721378326, -0.006510966923087835, -0.00025275431107729673, 157673.578125, 121439.515625, 157802.8125, 151063.96875, 143462.21875, 161995.140625, 38613.0, 43537.0, 38977.0, 45947.0, -0.21478843688964844, -1.0888957977294922, 1.2198963165283203, 0.935498833656311, 0.38676297664642334, 101.0
465207, -0.20952092111110687, -1.0883558988571167, 1.2201439142227173, 0.20869602262973785, -0.005843311082571745, -0.0006826737662777305, 157673.578125, 121439.515625, 157802.8125, 151065.203125, 143453.125, 161991.203125, 39795.0, 42925.0, 37852.0, 46640.0, -0.20986175537109375, -1.0893354415893555, 1.2203598022460938, 0.9353054761886597, 0.41057050228118896, 101.0
465226, -0.20505155622959137, -1.0887203216552734, 1.2199970483779907, 0.20829279720783234, -0.005799673497676849, -0.0007289162604138255, 157673.578125, 121439.515625, 157802.8125, 151057.75, 143467.125, 162005.140625, 39719.0, 43111.0, 38135.0, 46537.0, -0.20607423782348633, -1.089735984802246, 1.2193565368652344, 0.9324711561203003, 0.4149707853794098, 100.0
465246, -0.20048823952674866, -1.089065670967102, 1.2199244499206543, 0.20831702649593353, -0.005656722467392683, -0.0006903711473569274, 157673.578125, 121439.515625, 157802.8125, 151064.59375, 143467.125, 161993.171875, 38616.0, 43912.0, 39348.0, 45768.0, -0.201005220413208, -1.0901212692260742, 1.2198162078857422, 0.9360343813896179, 0.4154917001724243, 100.0
465266, -0.1957520991563797, -1.0893423557281494, 1.2198551893234253, 0.20811991393566132, -0.005237667355686426, -0.0005676466971635818, 157673.578125, 121439.515625, 157802.8125, 151067.078125, 143470.640625, 162000.671875, 38341.0, 44576.0, 39427.0, 45272.0, -0.19590353965759277, -1.0902290344238281, 1.2197113037109375, 0.9350888133049011, 0.40910783410072327, 100.0
465286, -0.19300566613674164, -1.0896111726760864, 1.219773292541504, 0.20903094112873077, -0.0055229938589036465, -0.0008827585843391716, 157673.578125, 121439.515625, 157802.8125, 151079.5, 143467.125, 162000.140625, 39335.0, 43730.0, 38554.0, 45979.0, -0.19215726852416992, -1.0906000137329102, 1.2194576263427734, 0.9383597373962402, 0.4147198796272278, 102.0
465307, -0.1883811056613922, -1.0899128913879395, 1.2197314500808716, 0.20836816728115082, -0.0053751044906675816, 0.0007345633348450065, 157673.578125, 121439.515625, 157802.8125, 151068.3125, 143463.984375, 162002.640625, 40336.0, 42865.0, 37382.0, 46827.0, -0.18700957298278809, -1.0909223556518555, 1.219583511352539, 0.9420576095581055, 0.4193247854709625, 102.0
465326, -0.18382756412029266, -1.0902568101882935, 1.2196731567382812, 0.2083582729101181, -0.0053743161261081696, 0.0017830077558755875, 157673.578125, 121439.515625, 157802.8125, 151066.4375, 143472.703125, 161995.671875, 40363.0, 42522.0, 37362.0, 47006.0, -0.18340635299682617, -1.0913419723510742, 1.2193470001220703, 0.9407348036766052, 0.41124263405799866, 102.0
465347, -0.17938023805618286, -1.0905345678329468, 1.219675898551941, 0.20796963572502136, -0.005222152452915907, 0.0012565994402393699, 157673.578125, 121439.515625, 157802.8125, 151063.34375, 143473.09375, 162015.140625, 39450.0, 43640.0, 38278.0, 46026.0, -0.17862391471862793, -1.0913543701171875, 1.2196178436279297, 0.9368401169776917, 0.40561363101005554, 102.0
465366, -0.1748962700366974, -1.090837836265564, 1.2195590734481812, 0.2077457755804062, -0.005179919768124819, -0.0008140327408909798, 157673.578125, 121439.515625, 157802.8125, 151068.921875, 143475.15625, 162006.203125, 38254.0, 44213.0, 39519.0, 45483.0, -0.1734766960144043, -1.0920019149780273, 1.2190208435058594, 0.9352362155914307, 0.40495970845222473, 102.0
465386, -0.17032067477703094, -1.0911834239959717, 1.2195050716400146, 0.20789039134979248, -0.005329435225576162, 0.0010538287460803986, 157673.578125, 121439.515625, 157802.8125, 151077.625, 143470.953125, 162001.203125, 39202.0, 43541.0, 38695.0, 46140.0, -0.16958856582641602, -1.0922574996948242, 1.2193870544433594, 0.9302893280982971, 0.4203854501247406, 99.0
465406, -0.16581907868385315, -1.091445803642273, 1.219482660293579, 0.2077256292104721, -0.005061151925474405, 0.002425561659038067, 157673.578125, 121439.515625, 157802.8125, 151077.015625, 143479.375, 162010.671875, 39815.0, 42685.0, 37919.0, 46847.0, -0.16447973251342773, -1.0925378799438477, 1.219034194946289, 0.9268648624420166, 0.4250373840332031, 99.0
465426, -0.16130581498146057, -1.0917710065841675, 1.2194156646728516, 0.20762602984905243, -0.005059137009084225, 0.0010311922524124384, 157673.578125, 121439.515625, 157802.8125, 151066.4375, 143474.46875, 162006.734375, 40186.0, 42859.0, 37484.0, 46655.0, -0.16106653213500977, -1.092951774597168, 1.21875, 0.9226357936859131, 0.41483592987060547, 99.0
465446, -0.15652693808078766, -1.0920913219451904, 1.2193456888198853, 0.20767910778522491, -0.005059210117906332, -0.00023138085089158267, 157673.578125, 121439.515625, 157802.8125, 151079.5, 143482.5, 162015.671875, 38838.0, 43694.0, 39050.0, 45894.0, -0.15593647956848145, -1.0928802490234375, 1.2191276550292969, 0.9222195744514465, 0.4195055365562439, 102.0
465466, -0.15211236476898193, -1.0923415422439575, 1.2193150520324707, 0.2071847766637802, -0.004627557471394539, 0.00035861111246049404, 157673.578125, 121439.515625, 157802.8125, 151082.59375, 143487.40625, 162015.671875, 39162.0, 43712.0, 38675.0, 45972.0, -0.15061450004577637, -1.0937747955322266, 1.2192115783691406, 0.9219256639480591, 0.41402938961982727, 102.0
465486, -0.1475977599620819, -1.0926709175109863, 1.2192717790603638, 0.2071317434310913, -0.004692732822149992, 0.001830588560551405, 157673.578125, 121439.515625, 157802.8125, 151073.890625, 143471.640625, 162006.734375, 38899.0, 42976.0, 39037.0, 46506.0, -0.14719462394714355, -1.0938959121704102, 1.2191429138183594, 0.9191334843635559, 0.411460280418396, 102.0
465506, -0.1431518793106079, -1.0929409265518188, 1.2192004919052124, 0.20684558153152466, -0.0045160348527133465, 0.0005120481946505606, 157673.578125, 121439.515625, 157802.8125, 151076.375, 143489.15625, 162012.265625, 40284.0, 42956.0, 37271.0, 46703.0, -0.14203691482543945, -1.0938730239868164, 1.2188758850097656, 0.9105591773986816, 0.4071335196495056, 98.0
465526, -0.1386658102273941, -1.0932188034057617, 1.219175100326538, 0.20673850178718567, -0.004394281189888716, -0.0015242636436596513, 157673.578125, 121439.515625, 157802.8125, 151087.5625, 143486.03125, 162024.234375, 39980.0, 43002.0, 37686.0, 46639.0, -0.13836979866027832, -1.0940113067626953, 1.218912124633789, 0.9029399752616882, 0.4001879096031189, 98.0
465547, -0.1342320293188095, -1.0934808254241943, 1.2190638780593872, 0.2064327895641327, -0.004295289982110262, -0.0005442899418994784, 157673.578125, 121439.515625, 157802.8125, 151082.59375, 143486.71875, 162028.703125, 38129.0, 44379.0, 39629.0, 45455.0, -0.13319694995880127, -1.0945854187011719, 1.2182540893554688, 0.8978877663612366, 0.3985355794429779, 98.0
465566, -0.12943510711193085, -1.093792200088501, 1.2189974784851074, 0.20668870210647583, -0.004303702153265476, 0.0009241373045369983, 157673.578125, 121439.515625, 157802.8125, 151082.59375, 143475.84375, 162029.234375, 37912.0, 44099.0, 39913.0, 45612.0, -0.1284104585647583, -1.0948963165283203, 1.2187252044677734, 0.8927985429763794, 0.4036910831928253, 100.0
465586, -0.12495666742324829, -1.0940618515014648, 1.2189340591430664, 0.2065587341785431, -0.004094990435987711, 0.0016154734184965491, 157673.578125, 121439.515625, 157802.8125, 151083.828125, 143489.859375, 162026.203125, 39165.0, 43522.0, 38601.0, 46111.0, -0.12457072734832764, -1.0946884155273438, 1.2184295654296875, 0.8868377804756165, 0.4011470377445221, 100.0
465607, -0.12039531767368317, -1.094376564025879, 1.2188830375671387, 0.20682646334171295, -0.004142231773585081, 0.0005617138231173158, 157673.578125, 121439.515625, 157802.8125, 151093.78125, 143489.859375, 162026.734375, 40635.0, 42446.0, 36958.0, 47055.0, -0.11958825588226318, -1.095505714416504, 1.2185993194580078, 0.8819952011108398, 0.38790324330329895, 106.0
465626, -0.1160200759768486, -1.0946117639541626, 1.218802571296692, 0.20636491477489471, -0.0038743389304727316, -0.0003489927912596613, 157673.578125, 121439.515625, 157802.8125, 151088.1875, 143480.359375, 162024.234375, 39603.0, 42856.0, 38155.0, 46682.0, -0.11605727672576904, -1.095240592956543, 1.218353271484375, 0.8824421167373657, 0.38642418384552, 106.0
465646, -0.11163181066513062, -1.094826102256775, 1.2187191247940063, 0.20603115856647491, -0.003530512098222971, 0.0008057238883338869, 157673.578125, 121439.515625, 157802.8125, 151084.453125, 143488.78125, 162019.765625, 38876.0, 43435.0, 38903.0, 46246.0, -0.11101830005645752, -1.0956907272338867, 1.218130111694336, 0.8736494779586792, 0.35658299922943115, 106.0
465666, -0.1070496067404747, -1.0951542854309082, 1.2186574935913086, 0.20648393034934998, -0.003707786789163947, 0.0002810746955219656, 157673.578125, 121439.515625, 157802.8125, 151090.046875, 143492.984375, 162024.765625, 38192.0, 44513.0, 39469.0, 45262.0, -0.10590481758117676, -1.0967044830322266, 1.2180862426757812, 0.8620258569717407, 0.348361998796463, 100.0
465686, -0.10247676074504852, -1.0954176187515259, 1.2185487747192383, 0.20694737136363983, -0.0035109154414385557, -0.0019239174434915185, 157673.578125, 121439.515625, 157802.8125, 151081.96875, 143488.78125, 162019.234375, 39679.0, 43238.0, 37967.0, 46458.0, -0.10216081142425537, -1.0965805053710938, 1.2181568145751953, 0.854961633682251, 0.3370203375816345, 100.0
465706, -0.09806198626756668, -1.0956772565841675, 1.2184139490127563, 0.20683597028255463, -0.0034176225308328867, -0.0028178140055388212, 157673.578125, 121439.515625, 157802.8125, 151086.9375, 143498.578125, 162036.203125, 40061.0, 42567.0, 37649.0, 47131.0, -0.09733998775482178, -1.097060203552246, 1.2177047729492188, 0.8431221842765808, 0.32049140334129333, 100.0
465726, -0.09354288130998611, -1.0959339141845703, 1.218265414237976, 0.20709136128425598, -0.003179790684953332, -0.002193255815654993, 157673.578125, 121439.515625, 157802.8125, 151093.765625, 143489.46875, 162037.265625, 40190.0, 42904.0, 37404.0, 46943.0, -0.09357476234436035, -1.0965070724487305, 1.2175865173339844, 0.8260373473167419, 0.3080357313156128, 100.0
465746, -0.0892043486237526, -1.0961049795150757, 1.2182211875915527, 0.2067352682352066, -0.0026272807735949755, -0.00012321065878495574, 157673.578125, 121439.515625, 157802.8125, 151094.390625, 143499.640625, 162039.234375, 39579.0, 43553.0, 38081.0, 46346.0, -0.0884096622467041, -1.097233772277832, 1.2177085876464844, 0.8078224658966064, 0.3093966245651245, 100.0
465766, -0.08521055430173874, -1.0962046384811401, 1.2181659936904907, 0.2050466388463974, -0.0018181392224505544, -0.0004440336488187313, 157673.578125, 121439.515625, 157802.8125, 151096.25, 143502.09375, 162039.234375, 38984.0, 44364.0, 38556.0, 45579.0, -0.0884096622467041, -1.097233772277832, 1.2177085876464844, 0.7924543619155884, 0.3216220736503601, 100.0
465786, -0.08112091571092606, -1.0962309837341309, 1.2181499004364014, 0.2039213478565216, -0.0008206302300095558, -0.0016530124703422189, 157673.578125, 121439.515625, 157802.8125, 151087.546875, 143500.34375, 162034.765625, 38932.0, 43838.0, 38723.0, 45995.0, -0.08727025985717773, -1.097346305847168, 1.2173442840576172, 0.7777081727981567, 0.3357699513435364, 109.0
465806, -0.07677281647920609, -1.0966789722442627, 1.2178882360458374, 0.20363777875900269, -0.001598537783138454, -0.0011451272293925285, 157673.578125, 121439.515625, 157802.8125, 151093.15625, 143496.8125, 162031.359375, 39906.0, 42679.0, 37783.0, 47076.0, -0.07605493068695068, -1.0978202819824219, 1.2174625396728516, 0.7636234164237976, 0.34801235795021057, 109.0
465826, -0.0718083456158638, -1.0969737768173218, 1.217755913734436, 0.20491312444210052, -0.0015615392476320267, 0.0002989380736835301, 157673.578125, 121439.515625, 157802.8125, 151101.84375, 143498.578125, 162037.796875, 39863.0, 42579.0, 37792.0, 47105.0, -0.07092511653900146, -1.0983619689941406, 1.2172966003417969, 0.7521016001701355, 0.3322466313838959, 104.0
465846, -0.06728775054216385, -1.0972466468811035, 1.2176525592803955, 0.20530593395233154, -0.0016895417356863618, -0.0003752695629373193, 157673.578125, 121439.515625, 157802.8125, 151099.359375, 143502.09375, 162052.28125, 38821.0, 43342.0, 38738.0, 46482.0, -0.06600791215896606, -1.098372459411621, 1.2170486450195312, 0.7412462830543518, 0.33478954434394836, 104.0
465866, -0.06235329434275627, -1.0975208282470703, 1.2174737453460693, 0.20632876455783844, -0.001683324808254838, -0.002362104831263423, 157673.578125, 121439.515625, 157802.8125, 151098.734375, 143503.46875, 162044.765625, 38685.0, 44023.0, 38940.0, 45869.0, -0.06234610080718994, -1.0984010696411133, 1.216867446899414, 0.7356006503105164, 0.33589625358581543, 104.0
465886, -0.057552583515644073, -1.0977580547332764, 1.2173298597335815, 0.20684245228767395, -0.001585715333931148, -0.0019308511400595307, 157673.578125, 121439.515625, 157802.8125, 151097.484375, 143506.609375, 162052.28125, 38817.0, 43525.0, 38921.0, 46364.0, -0.05738425254821777, -1.0990161895751953, 1.2167778015136719, 0.724917471408844, 0.3245508670806885, 101.0
465907, -0.05238870903849602, -1.0980242490768433, 1.2172141075134277, 0.2077423334121704, -0.0015252446755766869, -0.001106821233406663, 157673.578125, 121439.515625, 157802.8125, 151098.109375, 143510.828125, 162048.859375, 39724.0, 43405.0, 37756.0, 46620.0, -0.05220144987106323, -1.0991573333740234, 1.2167167663574219, 0.7166679501533508, 0.3230312466621399, 101.0
465926, -0.04783916100859642, -1.0982850790023804, 1.2170099020004272, 0.20799021422863007, -0.0015872274525463581, -0.001308449194766581, 157673.578125, 121439.515625, 157802.8125, 151108.671875, 143511.515625, 162046.890625, 39673.0, 43284.0, 37944.0, 46587.0, -0.048529863357543945, -1.099203109741211, 1.216360092163086, 0.7073988914489746, 0.3325493037700653, 101.0
465946, -0.043194759637117386, -1.0985376834869385, 1.2168692350387573, 0.20854267477989197, -0.0016682714922353625, -0.003179605584591627, 157673.578125, 121439.515625, 157802.8125, 151104.328125, 143515.71875, 162047.796875, 39078.0, 43919.0, 38239.0, 46294.0, -0.04331916570663452, -1.0995512008666992, 1.2168350219726562, 0.6955989003181458, 0.3499666154384613, 100.0
465966, -0.038385599851608276, -1.098755955696106, 1.216689109802246, 0.20879171788692474, -0.001593303750269115, -0.0037918142043054104, 157673.578125, 121439.515625, 157802.8125, 151104.328125, 143509.0625, 162047.265625, 38062.0, 44097.0, 39323.0, 46184.0, -0.038149237632751465, -1.0998544692993164, 1.2161483764648438, 0.6784522533416748, 0.36211225390434265, 100.0
465986, -0.03573278337717056, -1.0989303588867188, 1.2165436744689941, 0.20935742557048798, -0.0018228981643915176, -0.003767759073525667, 157673.578125, 121439.515625, 157802.8125, 151103.078125, 143513.953125, 162055.296875, 38468.0, 43977.0, 39372.0, 46233.0, -0.03469771146774292, -1.0998659133911133, 1.216073989868164, 0.6620647311210632, 0.3758890926837921, 100.0
466007, -0.030939780175685883, -1.099174976348877, 1.2163413763046265, 0.20939216017723083, -0.0017813792219385505, -0.0019034736324101686, 157673.578125, 121439.515625, 157802.8125, 151099.359375, 143520.625, 162055.296875, 39445.0, 43685.0, 38324.0, 46551.0, -0.02997913956642151, -1.1000432968139648, 1.215749740600586, 0.648582398891449, 0.38091737031936646, 103.0
466026, -0.026351764798164368, -1.0994253158569336, 1.2161668539047241, 0.20957010984420776, -0.0017186128534376621, -0.0024436567910015583, 157673.578125, 121439.515625, 157802.8125, 151114.265625, 143507.984375, 162053.328125, 39731.0, 43200.0, 37985.0, 46904.0, -0.025987714529037476, -1.100656509399414, 1.2156391143798828, 0.6352670788764954, 0.3781775236129761, 103.0
466047, -0.021639280021190643, -1.09964120388031, 1.216049075126648, 0.20936162769794464, -0.0016752757364884019, -0.0037532721180468798, 157673.578125, 121439.515625, 157802.8125, 151107.421875, 143519.921875, 162054.78125, 39174.0, 43556.0, 38625.0, 46611.0, -0.020766377449035645, -1.1005802154541016, 1.2159557342529297, 0.6226713061332703, 0.37688401341438293, 104.0
466066, -0.01707744412124157, -1.0998543500900269, 1.2158178091049194, 0.2093871384859085, -0.0016159890219569206, -0.004809415899217129, 157673.578125, 121439.515625, 157802.8125, 151108.046875, 143516.40625, 162057.8125, 39160.0, 43691.0, 38499.0, 46469.0, -0.015769541263580322, -1.1005897521972656, 1.21527099609375, 0.6087451577186584, 0.3864681124687195, 104.0
466086, -0.012522443197667599, -1.1000996828079224, 1.2156274318695068, 0.2094082534313202, -0.0016844563651829958, -0.0037022011820226908, 157673.578125, 121439.515625, 157802.8125, 151113.015625, 143518.171875, 162070.3125, 39466.0, 43604.0, 38346.0, 46715.0, -0.012147009372711182, -1.101388931274414, 1.2148857116699219, 0.5966198444366455, 0.39595165848731995, 104.0
466106, -0.008028212934732437, -1.100274920463562, 1.2155146598815918, 0.2091430425643921, -0.0014871000312268734, -0.0015896661207079887, 157673.578125, 121439.515625, 157802.8125, 151107.421875, 143521.3125, 162061.359375, 39662.0, 42894.0, 38053.0, 47288.0, -0.006901279091835022, -1.1013603210449219, 1.2151947021484375, 0.5795208811759949, 0.4134261906147003, 101.0
466126, -0.003527821507304907, -1.1004931926727295, 1.2153257131576538, 0.208866149187088, -0.0014377798652276397, -0.00328438775613904, 157673.578125, 121439.515625, 157802.8125, 151112.390625, 143518.171875, 162067.28125, 39340.0, 43348.0, 38294.0, 46905.0, -0.0033341646194458008, -1.1017522811889648, 1.214944839477539, 0.5633994936943054, 0.4197623133659363, 101.0
466146, 0.0010384457418695092, -1.100751519203186, 1.2151583433151245, 0.20886646211147308, -0.0016001519979909062, -0.005372000392526388, 157673.578125, 121439.515625, 157802.8125, 151114.875, 143523.75, 162068.859375, 38543.0, 44044.0, 39319.0, 46277.0, 0.001599326729774475, -1.1017265319824219, 1.2151412963867188, 0.5564945340156555, 0.43150684237480164, 101.0
466166, 0.005438446532934904, -1.1009029150009155, 1.2149909734725952, 0.20821048319339752, -0.0010646275477483869, -0.005285767372697592, 157673.578125, 121439.515625, 157802.8125, 151117.984375, 143528.65625, 162068.34375, 39366.0, 43712.0, 38569.0, 46627.0, 0.006581262685358524, -1.101806640625, 1.2146110534667969, 0.5533217191696167, 0.43373027443885803, 102.0
466186, 0.009945458732545376, -1.1011594533920288, 1.2148159742355347, 0.20798231661319733, -0.0012206046376377344, -0.003330546896904707, 157673.578125, 121439.515625, 157802.8125, 151125.4375, 143526.203125, 162068.859375, 39572.0, 43393.0, 38389.0, 46893.0, 0.010393951088190079, -1.1022710800170898, 1.2142524719238281, 0.5503401160240173, 0.4202077388763428, 102.0
466206, 0.014397562481462955, -1.1013209819793701, 1.2147278785705566, 0.20765557885169983, -0.0008733653812669218, -0.002073718002066016, 157673.578125, 121439.515625, 157802.8125, 151120.46875, 143526.890625, 162080.84375, 39418.0, 43011.0, 38424.0, 47179.0, 0.015397310256958008, -1.1024389266967773, 1.2145366668701172, 0.548140287399292, 0.39685481786727905, 102.0
466226, 0.018858838826417923, -1.1015652418136597, 1.2146005630493164, 0.20744596421718597, -0.0010359581792727113, -0.003816532203927636, 157673.578125, 121439.515625, 157802.8125, 151116.109375, 143525.125, 162065.84375, 39780.0, 43441.0, 38029.0, 46793.0, 0.019002005457878113, -1.1026744842529297, 1.2144622802734375, 0.5456520318984985, 0.3741956651210785, 103.0
466247, 0.023273305967450142, -1.1017338037490845, 1.2145344018936157, 0.20713640749454498, -0.0008098796824924648, -0.003837071591988206, 157673.578125, 121439.515625, 157802.8125, 151116.75, 143527.578125, 162076.375, 38938.0, 43921.0, 38909.0, 46457.0, 0.024107500910758972, -1.1027278900146484, 1.2146854400634766, 0.5423403978347778, 0.3501330614089966, 103.0
466266, 0.02776799537241459, -1.1019762754440308, 1.2144532203674316, 0.2072029858827591, -0.0008557058172300458, -0.0028525448869913816, 157673.578125, 121439.515625, 157802.8125, 151117.984375, 143529.34375, 162073.875, 39210.0, 44034.0, 38675.0, 46356.0, 0.027621179819107056, -1.1032638549804688, 1.214529037475586, 0.5376852750778198, 0.3470171093940735, 102.0
466287, 0.03214195370674133, -1.1021665334701538, 1.2143864631652832, 0.20684827864170074, -0.0008602521265856922, -0.00041740902815945446, 157673.578125, 121439.515625, 157802.8125, 151126.046875, 143526.203125, 162078.875, 39640.0, 43542.0, 38238.0, 46732.0, 0.03271394968032837, -1.1030330657958984, 1.2143878936767578, 0.5296573042869568, 0.3466129004955292, 102.0
466306, 0.03669678792357445, -1.1023625135421753, 1.2144231796264648, 0.2071966528892517, -0.0007550320588052273, 0.0024035184178501368, 157673.578125, 121439.515625, 157802.8125, 151125.4375, 143531.796875, 162091.375, 40240.0, 42957.0, 37248.0, 47258.0, 0.03772351145744324, -1.103306770324707, 1.2147693634033203, 0.5168138742446899, 0.34143662452697754, 102.0
466326, 0.04113579913973808, -1.1025880575180054, 1.214439868927002, 0.20709893107414246, -0.0009682776289992034, 0.0017523285932838917, 157673.578125, 121439.515625, 157802.8125, 151126.046875, 143536.0, 162079.921875, 39445.0, 42905.0, 38042.0, 47236.0, 0.04127734899520874, -1.103499412536621, 1.2145519256591797, 0.5023143291473389, 0.3430595099925995, 105.0
466346, 0.04566109925508499, -1.1028090715408325, 1.2144584655761719, 0.2073020339012146, -0.001100942143239081, 0.001423005131073296, 157673.578125, 121439.515625, 157802.8125, 151134.765625, 143531.109375, 162074.921875, 37648.0, 44460.0, 39872.0, 45879.0, 0.04633176326751709, -1.1040191650390625, 1.2141494750976562, 0.4888249337673187, 0.3525230884552002, 105.0
466366, 0.050026021897792816, -1.1029598712921143, 1.2144967317581177, 0.20687097311019897, -0.0008627694332972169, 0.00314599322155118, 157673.578125, 121439.515625, 157802.8125, 151126.671875, 143537.375, 162086.90625, 38143.0, 44389.0, 39427.0, 45930.0, 0.05000048875808716, -1.1038398742675781, 1.2143001556396484, 0.47435346245765686, 0.3692604601383209, 105.0
466386, 0.054513391107320786, -1.1031814813613892, 1.2145941257476807, 0.20685610175132751, -0.0009676650515757501, 0.005986264441162348, 157673.578125, 121439.515625, 157802.8125, 151130.40625, 143539.140625, 162089.9375, 38655.0, 43792.0, 38773.0, 46468.0, 0.05508589744567871, -1.1039934158325195, 1.2144794464111328, 0.4604082405567169, 0.37570422887802124, 98.0
466406, 0.05894757807254791, -1.1033564805984497, 1.2146832942962646, 0.2067081779241562, -0.0008533393847756088, 0.005504405125975609, 157673.578125, 121439.515625, 157802.8125, 151133.5, 143537.765625, 162089.40625, 39664.0, 42813.0, 37587.0, 47249.0, 0.05994898080825806, -1.1043100357055664, 1.2149887084960938, 0.443696528673172, 0.3745291233062744, 98.0
466426, 0.06340015679597855, -1.1035701036453247, 1.2147294282913208, 0.20660831034183502, -0.0010379167506471276, 0.0032216859981417656, 157673.578125, 121439.515625, 157802.8125, 151135.375, 143541.59375, 162095.46875, 39665.0, 43358.0, 37517.0, 46818.0, 0.06362509727478027, -1.1043930053710938, 1.2145957946777344, 0.4247009754180908, 0.36444127559661865, 98.0
466446, 0.06793411076068878, -1.1037698984146118, 1.2147871255874634, 0.20685429871082306, -0.0011555349919945002, 0.002574194222688675, 157673.578125, 121439.515625, 157802.8125, 151133.5, 143530.03125, 162089.9375, 38623.0, 43794.0, 38644.0, 46523.0, 0.06865042448043823, -1.1044683456420898, 1.2148380279541016, 0.4072253406047821, 0.3603004813194275, 99.0
466466, 0.07230449467897415, -1.1039437055587769, 1.2147904634475708, 0.20648343861103058, -0.0011380170471966267, 0.0025691704358905554, 157673.578125, 121439.515625, 157802.8125, 151129.15625, 143539.828125, 162094.40625, 38213.0, 43984.0, 39146.0, 46302.0, 0.07226026058197021, -1.1048812866210938, 1.2145843505859375, 0.3911263644695282, 0.3540247976779938, 99.0
466487, 0.0766676813364029, -1.1041024923324585, 1.2148396968841553, 0.20609639585018158, -0.0010042121866717935, 0.0038426865357905626, 157673.578125, 121439.515625, 157802.8125, 151136.609375, 143551.390625, 162089.9375, 39122.0, 43627.0, 38155.0, 46671.0, 0.07717853784561157, -1.105072021484375, 1.2147712707519531, 0.36840662360191345, 0.36146417260169983, 104.0
466506, 0.08140569925308228, -1.1043146848678589, 1.2148557901382446, 0.20634715259075165, -0.001106909941881895, 0.003103999188169837, 157673.578125, 121439.515625, 157802.8125, 151133.5, 143536.6875, 162094.9375, 39532.0, 42950.0, 37698.0, 47174.0, 0.08189857006072998, -1.10540771484375, 1.2145633697509766, 0.35124513506889343, 0.36361607909202576, 104.0
466526, 0.08637033402919769, -1.1045364141464233, 1.2148804664611816, 0.2065044343471527, -0.0012123036431148648, 0.002589066745713353, 157673.578125, 121439.515625, 157802.8125, 151135.984375, 143539.140625, 162097.4375, 39457.0, 42769.0, 37764.0, 47360.0, 0.08591032028198242, -1.1052923202514648, 1.2151222229003906, 0.3372728228569031, 0.36441388726234436, 104.0
466547, 0.09125666320323944, -1.104688286781311, 1.2148926258087158, 0.20642432570457458, -0.001074724248610437, 0.0011544309090822935, 157673.578125, 121439.515625, 157802.8125, 151145.9375, 143546.109375, 162094.9375, 38072.0, 44164.0, 39322.0, 46121.0, 0.09081900119781494, -1.105362892150879, 1.2148075103759766, 0.33031177520751953, 0.36882448196411133, 100.0
466566, 0.09564070403575897, -1.1048996448516846, 1.2148962020874023, 0.20598308742046356, -0.0012978274608030915, 0.003488232148811221, 157673.578125, 121439.515625, 157802.8125, 151137.21875, 143552.078125, 162101.375, 38489.0, 44059.0, 38886.0, 46257.0, 0.0944756269454956, -1.1057071685791016, 1.2148475646972656, 0.3268392086029053, 0.3718867599964142, 100.0
466586, 0.10004893690347672, -1.1050430536270142, 1.214961290359497, 0.20576834678649902, -0.0011781350476667285, 0.0037518867757171392, 157673.578125, 121439.515625, 157802.8125, 151149.03125, 143557.65625, 162097.96875, 39101.0, 43585.0, 38177.0, 46595.0, 0.0993267297744751, -1.105870246887207, 1.21490478515625, 0.32482245564460754, 0.3668223023414612, 100.0
466606, 0.10479189455509186, -1.1052556037902832, 1.2150492668151855, 0.20598989725112915, -0.0014188421191647649, 0.003614401910454035, 157673.578125, 121439.515625, 157802.8125, 151149.03125, 143552.078125, 162107.96875, 40096.0, 42745.0, 37099.0, 47283.0, 0.10430490970611572, -1.1061630249023438, 1.2148246765136719, 0.32290154695510864, 0.3603539764881134, 103.0
466626, 0.10918314009904861, -1.1054340600967407, 1.2150553464889526, 0.20574012398719788, -0.0014414022443816066, 0.001806038897484541, 157673.578125, 121439.515625, 157802.8125, 151141.578125, 143554.515625, 162099.9375, 39726.0, 43277.0, 37536.0, 46805.0, 0.1081693172454834, -1.1062192916870117, 1.214986801147461, 0.3216935396194458, 0.35047584772109985, 103.0
466646, 0.11359827220439911, -1.1056163311004639, 1.2150523662567139, 0.20564024150371552, -0.0015896904515102506, 0.001598504837602377, 157673.578125, 121439.515625, 157802.8125, 151140.328125, 143554.515625, 162102.96875, 38104.0, 44416.0, 39212.0, 45876.0, 0.11311721801757812, -1.1063108444213867, 1.2149696350097656, 0.3205709457397461, 0.3477792739868164, 103.0
466666, 0.11835236102342606, -1.1058295965194702, 1.215050220489502, 0.20591287314891815, -0.0017660807352513075, 0.0026972040068358183, 157673.578125, 121439.515625, 157802.8125, 151144.671875, 143556.96875, 162107.96875, 37984.0, 44398.0, 39249.0, 45949.0, 0.11672806739807129, -1.1065759658813477, 1.2149600982666016, 0.31667956709861755, 0.35774174332618713, 107.0
466686, 0.12322313338518143, -1.106031060218811, 1.2150624990463257, 0.2056857794523239, -0.0019223622512072325, 0.003669423284009099, 157673.578125, 121439.515625, 157802.8125, 151140.328125, 143562.5625, 162115.46875, 38300.0, 44038.0, 38915.0, 46225.0, 0.12152636051177979, -1.106597900390625, 1.2146778106689453, 0.31176501512527466, 0.37460383772850037, 107.0
466706, 0.12755565345287323, -1.1061983108520508, 1.2150942087173462, 0.2051568478345871, -0.0019806644413620234, 0.0022250600159168243, 157673.578125, 121439.515625, 157802.8125, 151151.515625, 143559.421875, 162115.46875, 39706.0, 43116.0, 37529.0, 46910.0, 0.12650907039642334, -1.1068754196166992, 1.2148571014404297, 0.31059473752975464, 0.38121864199638367, 100.0
466726, 0.12987211346626282, -1.1063435077667236, 1.2150616645812988, 0.20549219846725464, -0.002176679205149412, 0.0012094127014279366, 157673.578125, 121439.515625, 157802.8125, 151147.15625, 143568.140625, 162121.90625, 39869.0, 42910.0, 37390.0, 47131.0, 0.13055646419525146, -1.1072473526000977, 1.2149734497070312, 0.30971404910087585, 0.37726375460624695, 100.0
466747, 0.13473844528198242, -1.1065927743911743, 1.2150037288665771, 0.20617452263832092, -0.0025480350013822317, -0.00037701812107115984, 157673.578125, 121439.515625, 157802.8125, 151147.78125, 143565.6875, 162112.96875, 38755.0, 43857.0, 38635.0, 46371.0, 0.1354074478149414, -1.1071710586547852, 1.214874267578125, 0.30536723136901855, 0.3663298785686493, 100.0
466766, 0.13927039504051208, -1.1067613363265991, 1.2149889469146729, 0.20557694137096405, -0.0024945384357124567, 0.0015422875294461846, 157673.578125, 121439.515625, 157802.8125, 151150.265625, 143560.796875, 162110.46875, 38812.0, 44168.0, 38548.0, 46141.0, 0.13888239860534668, -1.1073942184448242, 1.2146282196044922, 0.3016626238822937, 0.35768604278564453, 102.0
466786, 0.14372557401657104, -1.1069709062576294, 1.2149357795715332, 0.2056620717048645, -0.002698385389521718, 0.0016071766149252653, 157673.578125, 121439.515625, 157802.8125, 151154.0, 143561.484375, 162122.96875, 39417.0, 43440.0, 37911.0, 46683.0, 0.14391231536865234, -1.1074466705322266, 1.214426040649414, 0.29864513874053955, 0.34795185923576355, 102.0
466806, 0.14811129868030548, -1.1071656942367554, 1.2149170637130737, 0.20549553632736206, -0.002798315603286028, 0.0009233378805220127, 157673.578125, 121439.515625, 157802.8125, 151161.453125, 143566.390625, 162111.53125, 39800.0, 42441.0, 37475.0, 47501.0, 0.14884769916534424, -1.1080331802368164, 1.2149696350097656, 0.29895448684692383, 0.3255462050437927, 102.0
466826, 0.1530763953924179, -1.1073631048202515, 1.2148748636245728, 0.2058853954076767, -0.0028235448990017176, -0.00029713872936554253, 157673.578125, 121439.515625, 157802.8125, 151155.234375, 143560.796875, 162122.4375, 39616.0, 43209.0, 37706.0, 46901.0, 0.15282988548278809, -1.107900619506836, 1.2148685455322266, 0.2970177233219147, 0.3253019154071808, 99.0
466846, 0.15740196406841278, -1.1075605154037476, 1.2147575616836548, 0.20595142245292664, -0.0029031026642769575, -0.0011494706850498915, 157673.578125, 121439.515625, 157802.8125, 151152.75, 143570.59375, 162123.5, 38280.0, 44394.0, 39117.0, 45870.0, 0.15778088569641113, -1.1084842681884766, 1.2143421173095703, 0.2948293387889862, 0.3267960250377655, 99.0
466866, 0.16188673675060272, -1.1077218055725098, 1.2147228717803955, 0.20575369894504547, -0.002772421343252063, 0.0010008481331169605, 157673.578125, 121439.515625, 157802.8125, 151155.234375, 143565.6875, 162123.5, 38161.0, 44353.0, 39204.0, 45988.0, 0.1623539924621582, -1.1083555221557617, 1.214834213256836, 0.2883630096912384, 0.3276716470718384, 99.0
466886, 0.16666163504123688, -1.1079380512237549, 1.2146761417388916, 0.20621919631958008, -0.002906227018684149, 0.0008651589159853756, 157673.578125, 121439.515625, 157802.8125, 151162.6875, 143563.25, 162131.90625, 38403.0, 43944.0, 38863.0, 46317.0, 0.16648387908935547, -1.108438491821289, 1.2142162322998047, 0.28050652146339417, 0.3261276185512543, 97.0
466906, 0.17099151015281677, -1.108123540878296, 1.2145917415618896, 0.20575207471847534, -0.0029370333068072796, -0.0006674424512311816, 157673.578125, 121439.515625, 157802.8125, 151157.71875, 143568.828125, 162139.9375, 39109.0, 43540.0, 37687.0, 47000.0, 0.1699965000152588, -1.1086273193359375, 1.2145404815673828, 0.2678041458129883, 0.34685471653938293, 97.0
466926, 0.1754923164844513, -1.1082847118377686, 1.2144856452941895, 0.20596829056739807, -0.002784008625894785, -0.0020059451926499605, 157673.578125, 121439.515625, 157802.8125, 151165.78125, 143573.046875, 162133.5, 38978.0, 43387.0, 38231.0, 46937.0, 0.17496109008789062, -1.1087818145751953, 1.2140750885009766, 0.2536287009716034, 0.362073689699173, 103.0
466947, 0.18017087876796722, -1.1084779500961304, 1.2144056558609009, 0.2059188336133957, -0.0028356905095279217, -0.0007571371388621628, 157673.578125, 121439.515625, 157802.8125, 151157.71875, 143573.046875, 162117.0625, 38324.0, 44279.0, 38858.0, 46206.0, 0.18003034591674805, -1.1092147827148438, 1.2141647338867188, 0.24394018948078156, 0.3682776689529419, 103.0
466966, 0.18459874391555786, -1.1086527109146118, 1.2143296003341675, 0.2057167887687683, -0.0027119314763695, -0.0003452771052252501, 157673.578125, 121439.515625, 157802.8125, 151165.171875, 143571.28125, 162126.53125, 38408.0, 44065.0, 38901.0, 46286.0, 0.18372869491577148, -1.109177589416504, 1.2140216827392578, 0.23572120070457458, 0.36762145161628723, 103.0
466987, 0.1890343725681305, -1.1088242530822754, 1.2142562866210938, 0.20564469695091248, -0.002699855947867036, 0.00043483596527948976, 157673.578125, 121439.515625, 157802.8125, 151165.171875, 143572.65625, 162131.53125, 39190.0, 43439.0, 38042.0, 46833.0, 0.18871617317199707, -1.1093578338623047, 1.2139301300048828, 0.23149342834949493, 0.3573874533176422, 100.0
467006, 0.1938108205795288, -1.1090162992477417, 1.2141788005828857, 0.20601581037044525, -0.0027668741531670094, -0.0016897626919671893, 157673.578125, 121439.515625, 157802.8125, 151160.8125, 143582.84375, 162129.03125, 39308.0, 43365.0, 37863.0, 46965.0, 0.19344639778137207, -1.1095085144042969, 1.2139453887939453, 0.2243090569972992, 0.36357441544532776, 100.0
467026, 0.19881413877010345, -1.1091969013214111, 1.2140064239501953, 0.20635154843330383, -0.00264918920584023, -0.0029981888365000486, 157673.578125, 121439.515625, 157802.8125, 151167.65625, 143583.53125, 162147.4375, 39325.0, 43797.0, 37869.0, 46657.0, 0.19736385345458984, -1.1098804473876953, 1.2136726379394531, 0.21840672194957733, 0.36840084195137024, 100.0
467046, 0.2014247179031372, -1.1093510389328003, 1.2139209508895874, 0.20689624547958374, -0.0029217046685516834, -0.003429671749472618, 157673.578125, 121439.515625, 157802.8125, 151163.296875, 143584.21875, 162137.0625, 39361.0, 43848.0, 38059.0, 46541.0, 0.20248818397521973, -1.110137939453125, 1.213653564453125, 0.21768087148666382, 0.37287816405296326, 100.0
467066, 0.20793704688549042, -1.1095491647720337, 1.2137917280197144, 0.2060917615890503, -0.0026205838657915592, -0.0008023143745958805, 157673.578125, 121439.515625, 157802.8125, 151165.171875, 143581.765625, 162141.53125, 39396.0, 43736.0, 38026.0, 46664.0, 0.20601344108581543, -1.1097583770751953, 1.2136898040771484, 0.21721379458904266, 0.3720957040786743, 100.0
467087, 0.21029825508594513, -1.1096941232681274, 1.2137141227722168, 0.2065376192331314, -0.0029178953263908625, -0.0016312479274347425, 157673.578125, 121439.515625, 157802.8125, 151172.625, 143576.875, 162134.03125, 39492.0, 43231.0, 37881.0, 46983.0, 0.21110105514526367, -1.1103515625, 1.2132949829101562, 0.21949641406536102, 0.3704449236392975, 100.0
467106, 0.2167748063802719, -1.1099200248718262, 1.2135707139968872, 0.20567989349365234, -0.0027621756307780743, -0.0030008433386683464, 157673.578125, 121439.515625, 157802.8125, 151165.78125, 143581.078125, 162144.9375, 39640.0, 43401.0, 37738.0, 46882.0, 0.21589255332946777, -1.1106433868408203, 1.2134418487548828, 0.2257806360721588, 0.3586725890636444, 101.0
467126, 0.22118060290813446, -1.110105037689209, 1.213447093963623, 0.20544826984405518, -0.002900419058278203, -0.0032442763913422823, 157673.578125, 121439.515625, 157802.8125, 151171.375, 143588.421875, 162146.53125, 39993.0, 43231.0, 37510.0, 47011.0, 0.2197880744934082, -1.1106395721435547, 1.2134342193603516, 0.2381352186203003, 0.3556635081768036, 101.0
467146, 0.22560051083564758, -1.110314130783081, 1.213255524635315, 0.205325186252594, -0.0031658723019063473, -0.00335588026791811, 157673.578125, 121439.515625, 157802.8125, 151173.859375, 143579.3125, 162151.53125, 39494.0, 43254.0, 38019.0, 47043.0, 0.22481083869934082, -1.1107769012451172, 1.2127723693847656, 0.24509724974632263, 0.3543887436389923, 98.0
467166, 0.23000919818878174, -1.1104806661605835, 1.2131794691085815, 0.20517253875732422, -0.003112979931756854, -0.0025089536793529987, 157673.578125, 121439.515625, 157802.8125, 151178.828125, 143592.640625, 162145.09375, 38671.0, 43875.0, 38865.0, 46530.0, 0.22959327697753906, -1.1111154556274414, 1.2134113311767578, 0.25127115845680237, 0.35433387756347656, 98.0
467186, 0.23443388938903809, -1.1106377840042114, 1.213050365447998, 0.2050940841436386, -0.003110118443146348, -0.0032176519744098186, 157673.578125, 121439.515625, 157802.8125, 151176.34375, 143582.453125, 162143.125, 38651.0, 43970.0, 38878.0, 46415.0, 0.23345184326171875, -1.111053466796875, 1.2126045227050781, 0.255308598279953, 0.35753220319747925, 98.0
467206, 0.23886951804161072, -1.1108537912368774, 1.2128989696502686, 0.20503216981887817, -0.0032907752320170403, -0.004663677420467138, 157673.578125, 121439.515625, 157802.8125, 151175.734375, 143593.328125, 162157.96875, 38791.0, 43945.0, 38867.0, 46371.0, 0.23825931549072266, -1.1117382049560547, 1.212575912475586, 0.2632465362548828, 0.3576584458351135, 96.0
467226, 0.24338115751743317, -1.1110334396362305, 1.212730050086975, 0.2053137868642807, -0.0032410919666290283, -0.005269439425319433, 157673.578125, 121439.515625, 157802.8125, 151178.21875, 143589.796875, 162156.53125, 39801.0, 43330.0, 37894.0, 46955.0, 0.24193334579467773, -1.1113758087158203, 1.2128009796142578, 0.27345189452171326, 0.3504740297794342, 96.0
467248, 0.2461087554693222, -1.111201524734497, 1.2126085758209229, 0.2064056247472763, -0.0036326381377875805, -0.005285587627440691, 157673.578125, 121439.515625, 157802.8125, 151175.734375, 143592.25, 162147.0625, 39577.0, 43163.0, 38109.0, 47170.0, 0.24688172340393066, -1.1113901138305664, 1.2122478485107422, 0.2788253426551819, 0.33305856585502625, 96.0
467266, 0.2506822645664215, -1.1113646030426025, 1.2124886512756348, 0.20607240498065948, -0.003441081615164876, -0.0035104649141430855, 157673.578125, 121439.515625, 157802.8125, 151181.953125, 143598.90625, 162159.5625, 38850.0, 43526.0, 38941.0, 46805.0, 0.2506258487701416, -1.111891746520996, 1.2126388549804688, 0.2867152988910675, 0.3223404288291931, 100.0
467286, 0.2550540566444397, -1.1115071773529053, 1.2123606204986572, 0.2058628499507904, -0.0032507169526070356, -0.0040918742306530476, 157673.578125, 121439.515625, 157802.8125, 151181.953125, 143599.59375, 162155.09375, 38391.0, 44368.0, 39255.0, 46066.0, 0.25560593605041504, -1.111837387084961, 1.2120132446289062, 0.2905004322528839, 0.3207981288433075, 100.0
467306, 0.25961700081825256, -1.111679196357727, 1.2122637033462524, 0.20642542839050293, -0.003153117373585701, -0.005392053630203009, 157673.578125, 121439.515625, 157802.8125, 151181.3125, 143596.453125, 162164.5625, 38153.0, 44065.0, 39639.0, 46478.0, 0.26070356369018555, -1.1122140884399414, 1.2121562957763672, 0.2926343083381653, 0.3234420418739319, 100.0
467326, 0.26460736989974976, -1.1118522882461548, 1.2121152877807617, 0.20685610175132751, -0.0029566646553575993, -0.00403654295951128, 157673.578125, 121439.515625, 157802.8125, 151185.671875, 143596.078125, 162165.09375, 39216.0, 43575.0, 38504.0, 46849.0, 0.26410746574401855, -1.1122426986694336, 1.2122058868408203, 0.29149776697158813, 0.30692389607429504, 90.0
467346, 0.268969863653183, -1.111990213394165, 1.2120040655136108, 0.20659956336021423, -0.002717734081670642, -0.0032296988647431135, 157673.578125, 121439.515625, 157802.8125, 151186.890625, 143596.078125, 162162.0625, 39779.0, 42867.0, 37831.0, 47432.0, 0.2693171501159668, -1.1125078201293945, 1.2119331359863281, 0.2897499203681946, 0.3104979693889618, 90.0
467366, 0.27348899841308594, -1.1121374368667603, 1.2119548320770264, 0.20693355798721313, -0.002466801553964615, -0.0016135739861056209, 157673.578125, 121439.515625, 157802.8125, 151181.3125, 143600.28125, 162164.5625, 39671.0, 43342.0, 38071.0, 47123.0, 0.2729945182800293, -1.112527847290039, 1.2120132446289062, 0.28674739599227905, 0.3120729327201843, 98.0
467386, 0.277916818857193, -1.1122727394104004, 1.2118622064590454, 0.20693665742874146, -0.002320567611604929, -0.0031407340429723263, 157673.578125, 121439.515625, 157802.8125, 151188.765625, 143598.90625, 162165.09375, 38903.0, 44270.0, 38797.0, 46265.0, 0.2780897617340088, -1.1124858856201172, 1.2114372253417969, 0.287360280752182, 0.3086865544319153, 98.0
467406, 0.28241339325904846, -1.1124154329299927, 1.2117377519607544, 0.20719169080257416, -0.002099523553624749, -0.0029143609572201967, 157673.578125, 121439.515625, 157802.8125, 151185.03125, 143597.15625, 162164.5625, 38369.0, 44530.0, 39423.0, 46051.0, 0.2829885482788086, -1.1126527786254883, 1.2113227844238281, 0.2890964448451996, 0.29835256934165955, 98.0
467426, 0.28698116540908813, -1.11258864402771, 1.2116917371749878, 0.20768150687217712, -0.00205700914375484, -0.0011269913520663977, 157673.578125, 121439.515625, 157802.8125, 151187.515625, 143595.390625, 162162.59375, 39220.0, 43488.0, 38477.0, 46843.0, 0.2863576412200928, -1.112980842590332, 1.2118072509765625, 0.2927198112010956, 0.31007274985313416, 104.0
467447, 0.29192763566970825, -1.1127041578292847, 1.2116668224334717, 0.20788678526878357, -0.0016660862602293491, 0.0011138735571876168, 157673.578125, 121439.515625, 157802.8125, 151177.578125, 143605.1875, 162167.0625, 39772.0, 42610.0, 37791.0, 47655.0, 0.2916278839111328, -1.1129865646362305, 1.2113475799560547, 0.2922561466693878, 0.309916615486145, 104.0
467466, 0.2963809669017792, -1.1128517389297485, 1.2116384506225586, 0.20786255598068237, -0.0015158104943111539, 0.0010026072850450873, 157673.578125, 121439.515625, 157802.8125, 151194.359375, 143609.390625, 162175.09375, 39669.0, 42765.0, 37716.0, 47416.0, 0.29529380798339844, -1.1133441925048828, 1.2117290496826172, 0.29068294167518616, 0.3215468227863312, 104.0
467486, 0.3009257912635803, -1.1129834651947021, 1.2116702795028687, 0.2081766128540039, -0.0013691242784261703, -0.0003477001446299255, 157673.578125, 121439.515625, 157802.8125, 151184.40625, 143610.078125, 162173.125, 37982.0, 44285.0, 39556.0, 46015.0, 0.3004155158996582, -1.1133804321289062, 1.2118244171142578, 0.2910495400428772, 0.3188135623931885, 101.0
467506, 0.3055504858493805, -1.1130834817886353, 1.2115716934204102, 0.20794892311096191, -0.0010619382373988628, -0.00015001333667896688, 157673.578125, 121439.515625, 157802.8125, 151210.515625, 143618.125, 162175.09375, 37865.0, 44654.0, 39662.0, 45741.0, 0.3054642677307129, -1.1134471893310547, 1.2108325958251953, 0.29499444365501404, 0.3063049614429474, 101.0
467526, 0.3099521994590759, -1.1132169961929321, 1.2115916013717651, 0.20770741999149323, -0.00092408707132563, 0.0008014506893232465, 157673.578125, 121439.515625, 157802.8125, 151197.453125, 143614.984375, 162177.59375, 38713.0, 44024.0, 38977.0, 46422.0, 0.3089747428894043, -1.1138381958007812, 1.2120857238769531, 0.29606035351753235, 0.31174224615097046, 101.0
467547, 0.31448501348495483, -1.1133273839950562, 1.2115756273269653, 0.20792660117149353, -0.0006993035785853863, 0.0036324393004179, 157673.578125, 121439.515625, 157802.8125, 151187.515625, 143610.765625, 162177.0625, 40194.0, 43129.0, 37386.0, 47166.0, 0.3128938674926758, -1.113661766052246, 1.2110862731933594, 0.2954489588737488, 0.3209000527858734, 95.0
467566, 0.3193131685256958, -1.1134649515151978, 1.2115777730941772, 0.2084968239068985, -0.0006163071375340223, 0.0026038445066660643, 157673.578125, 121439.515625, 157802.8125, 151190.0, 143610.078125, 162177.59375, 39773.0, 43246.0, 37710.0, 46990.0, 0.3178105354309082, -1.1142492294311523, 1.2110557556152344, 0.29560011625289917, 0.31965407729148865, 95.0
467586, 0.32369670271873474, -1.113561987876892, 1.2115732431411743, 0.2081119418144226, -0.0004312475211918354, 0.0008590844227001071, 157673.578125, 121439.515625, 157802.8125, 151192.484375, 143612.53125, 162182.0625, 38301.0, 44254.0, 39171.0, 46189.0, 0.32247066497802734, -1.1140832901000977, 1.2112617492675781, 0.29677313566207886, 0.3149169683456421, 95.0
467606, 0.3282349407672882, -1.1137076616287231, 1.2114747762680054, 0.20832033455371857, -0.0006169266998767853, 0.00012957301805727184, 157673.578125, 121439.515625, 157802.8125, 151198.703125, 143607.25, 162175.625, 38286.0, 44754.0, 39238.0, 45783.0, 0.3277583122253418, -1.1140851974487305, 1.2109012603759766, 0.2954462468624115, 0.3294229805469513, 95.0
467626, 0.33275651931762695, -1.1138345003128052, 1.2114390134811401, 0.20836538076400757, -0.0006134617142379284, 0.001339685171842575, 157673.578125, 121439.515625, 157802.8125, 151193.09375, 143616.359375, 162185.09375, 39116.0, 43775.0, 38608.0, 46581.0, 0.3313412666320801, -1.1143198013305664, 1.2113361358642578, 0.2956198453903198, 0.3463059067726135, 95.0
467647, 0.3371877372264862, -1.1139450073242188, 1.2114152908325195, 0.20809803903102875, -0.0006163042271509767, 0.0018684754613786936, 157673.578125, 121439.515625, 157802.8125, 151198.0625, 143608.328125, 162183.125, 40289.0, 42430.0, 37169.0, 47766.0, 0.33646535873413086, -1.114476203918457, 1.2109527587890625, 0.2958942949771881, 0.361211895942688, 100.0
467666, 0.34195417165756226, -1.1140727996826172, 1.2113770246505737, 0.20823559165000916, -0.0006351838819682598, 0.0020544424187391996, 157673.578125, 121439.515625, 157802.8125, 151206.78125, 143619.875, 162181.15625, 40226.0, 42520.0, 37141.0, 47527.0, 0.34026145935058594, -1.1145648956298828, 1.2110118865966797, 0.29365813732147217, 0.3669550120830536, 100.0
467687, 0.3445329964160919, -1.11416494846344, 1.2113429307937622, 0.20856089890003204, -0.0007649310282431543, 0.0009534315322525799, 157673.578125, 121439.515625, 157802.8125, 151204.90625, 143623.015625, 162183.125, 37743.0, 44964.0, 39552.0, 45464.0, 0.3452615737915039, -1.114699363708496, 1.211172103881836, 0.2859247624874115, 0.36462774872779846, 100.0
467706, 0.3491813540458679, -1.114306092262268, 1.2112654447555542, 0.20812030136585236, -0.0008523116703145206, 0.0009784523863345385, 157673.578125, 121439.515625, 157802.8125, 151209.875, 143622.328125, 162193.65625, 37837.0, 45022.0, 39722.0, 45475.0, 0.3502979278564453, -1.114959716796875, 1.2105865478515625, 0.27966946363449097, 0.3819359838962555, 101.0
467726, 0.3536662757396698, -1.1144293546676636, 1.2111963033676147, 0.20795442163944244, -0.0008590305224061012, 0.0016856039874255657, 157673.578125, 121439.515625, 157802.8125, 151209.875, 143618.8125, 162185.625, 38453.0, 44490.0, 39095.0, 46008.0, 0.35381364822387695, -1.1149911880493164, 1.2108230590820312, 0.27855926752090454, 0.41057220101356506, 101.0
467747, 0.3580850064754486, -1.114562749862671, 1.2111752033233643, 0.20751816034317017, -0.001042188610881567, 0.0026161768473684788, 157673.578125, 121439.515625, 157802.8125, 151207.390625, 143628.609375, 162203.65625, 40516.0, 42329.0, 36835.0, 47828.0, 0.35875797271728516, -1.1151180267333984, 1.210702896118164, 0.2734326124191284, 0.4262004792690277, 101.0
467766, 0.3630759119987488, -1.1147083044052124, 1.211065649986267, 0.20750877261161804, -0.0010272432118654251, 0.001232819282449782, 157673.578125, 121439.515625, 157802.8125, 151206.15625, 143632.8125, 162193.65625, 39832.0, 42268.0, 37483.0, 47735.0, 0.3626832962036133, -1.1152429580688477, 1.2105274200439453, 0.2690781354904175, 0.4136839509010315, 98.0
467786, 0.36740556359291077, -1.1148455142974854, 1.2110806703567505, 0.20669955015182495, -0.0010926105314865708, 0.00117591698653996, 157673.578125, 121439.515625, 157802.8125, 151211.109375, 143630.359375, 162197.078125, 39943.0, 43052.0, 37529.0, 47281.0, 0.36751317977905273, -1.115509033203125, 1.2112197875976562, 0.27024662494659424, 0.4330448806285858, 98.0
467806, 0.37189483642578125, -1.1149828433990479, 1.211003303527832, 0.20655928552150726, -0.0011760996421799064, 0.0020019367802888155, 157673.578125, 121439.515625, 157802.8125, 151210.5, 143640.15625, 162203.125, 37831.0, 44538.0, 39540.0, 45859.0, 0.3722858428955078, -1.1155452728271484, 1.2105140686035156, 0.2693014442920685, 0.4099051058292389, 95.0
467826, 0.37637805938720703, -1.1151454448699951, 1.210961937904358, 0.20644310116767883, -0.001361384755000472, 0.0037499540485441685, 157673.578125, 121439.515625, 157802.8125, 151208.015625, 143624.390625, 162194.1875, 37906.0, 44884.0, 39492.0, 45461.0, 0.37627744674682617, -1.1157522201538086, 1.210397720336914, 0.2659185826778412, 0.4115927815437317, 95.0
467846, 0.3807271718978882, -1.115281343460083, 1.2110188007354736, 0.20580950379371643, -0.0014801513170823455, 0.005809297785162926, 157673.578125, 121439.515625, 157802.8125, 151210.5, 143630.359375, 162201.15625, 39012.0, 43697.0, 38402.0, 46657.0, 0.38121509552001953, -1.1158103942871094, 1.211141586303711, 0.2605043053627014, 0.4081577956676483, 95.0
467866, 0.38523468375205994, -1.1154396533966064, 1.2109960317611694, 0.205886572599411, -0.0017872649477794766, 0.00322764553129673, 157673.578125, 121439.515625, 157802.8125, 151212.984375, 143641.921875, 162204.1875, 39744.0, 42848.0, 37509.0, 47327.0, 0.38471031188964844, -1.1159124374389648, 1.2104778289794922, 0.25333908200263977, 0.4006666839122772, 98.0
467887, 0.39009934663772583, -1.1156024932861328, 1.2109415531158447, 0.205612912774086, -0.001970862038433552, 0.002898822771385312, 157673.578125, 121439.515625, 157802.8125, 151212.984375, 143633.5, 162196.6875, 40081.0, 42695.0, 37182.0, 47564.0, 0.3896627426147461, -1.1159801483154297, 1.2103404998779297, 0.250773161649704, 0.4015806019306183, 98.0
467906, 0.39467084407806396, -1.115721344947815, 1.210923671722412, 0.20515672862529755, -0.0019375734264031053, 0.002697880147024989, 157673.578125, 121439.515625, 157802.8125, 151212.984375, 143631.046875, 162196.6875, 38399.0, 44038.0, 38964.0, 46415.0, 0.39327239990234375, -1.1162300109863281, 1.2103519439697266, 0.23965932428836823, 0.38222751021385193, 98.0
467926, 0.3991144001483917, -1.115907073020935, 1.2109136581420898, 0.2050548940896988, -0.002199799520894885, 0.004566088784486055, 157673.578125, 121439.515625, 157802.8125, 151214.84375, 143642.609375, 162203.65625, 38053.0, 44680.0, 39102.0, 45993.0, 0.3983879089355469, -1.1165332794189453, 1.2105464935302734, 0.22806064784526825, 0.37332284450531006, 94.0
467946, 0.4035329818725586, -1.1160272359848022, 1.2109020948410034, 0.20495395362377167, -0.0021841893903911114, 0.0035990807227790356, 157673.578125, 121439.515625, 157802.8125, 151215.46875, 143633.5, 162206.15625, 39696.0, 42900.0, 37560.0, 47323.0, 0.40303564071655273, -1.1163511276245117, 1.21051025390625, 0.21979831159114838, 0.37477460503578186, 94.0
467966, 0.4079327881336212, -1.1161904335021973, 1.210858702659607, 0.2046901434659958, -0.0023022466339170933, 0.0019405109342187643, 157673.578125, 121439.515625, 157802.8125, 151215.46875, 143645.75, 162208.65625, 39778.0, 42563.0, 37232.0, 47620.0, 0.40714025497436523, -1.1166067123413086, 1.2105426788330078, 0.2125910371541977, 0.38121530413627625, 94.0
467986, 0.4123055636882782, -1.1163138151168823, 1.2107542753219604, 0.20443996787071228, -0.0022435432765632868, -0.00021815087529830635, 157673.578125, 121439.515625, 157802.8125, 151218.5625, 143636.640625, 162204.1875, 39722.0, 42850.0, 37599.0, 47473.0, 0.41159772872924805, -1.1166887283325195, 1.2100486755371094, 0.20623789727687836, 0.3905773162841797, 99.0
468006, 0.4172244966030121, -1.1164888143539429, 1.2106537818908691, 0.204526886343956, -0.002330599119886756, 0.00034240083186887205, 157673.578125, 121439.515625, 157802.8125, 151224.78125, 143645.75, 162204.71875, 38390.0, 44511.0, 38909.0, 46216.0, 0.4164848327636719, -1.116861343383789, 1.210165023803711, 0.19931979477405548, 0.37670353055000305, 99.0
468026, 0.4221247732639313, -1.1166436672210693, 1.2105485200881958, 0.20451368391513824, -0.0022356086410582066, 0.0014537154929712415, 157673.578125, 121439.515625, 157802.8125, 151227.890625, 143653.09375, 162204.71875, 37740.0, 44750.0, 39651.0, 45877.0, 0.42033910751342773, -1.1172256469726562, 1.2100543975830078, 0.19195476174354553, 0.3771408498287201, 97.0
468047, 0.42642173171043396, -1.1167759895324707, 1.2105450630187988, 0.20389144122600555, -0.0021443585865199566, 0.003060687333345413, 157673.578125, 121439.515625, 157802.8125, 151216.078125, 143650.640625, 162214.1875, 38659.0, 43813.0, 38797.0, 46642.0, 0.42513465881347656, -1.1172685623168945, 1.2102603912353516, 0.1874791830778122, 0.39500394463539124, 97.0
468066, 0.4308047890663147, -1.1169425249099731, 1.2104606628417969, 0.20361895859241486, -0.002223137067630887, 0.0011331303976476192, 157673.578125, 121439.515625, 157802.8125, 151223.53125, 143653.09375, 162210.25, 40223.0, 42954.0, 36983.0, 47389.0, 0.4289083480834961, -1.1173324584960938, 1.2101497650146484, 0.1828027069568634, 0.39451849460601807, 97.0
468087, 0.43520548939704895, -1.1170734167099, 1.2103610038757324, 0.20351824164390564, -0.0021261582151055336, -0.00032972864573821425, 157673.578125, 121439.515625, 157802.8125, 151228.5, 143648.890625, 162216.6875, 40467.0, 42828.0, 36685.0, 47622.0, 0.43385791778564453, -1.1171607971191406, 1.2099571228027344, 0.17113150656223297, 0.3722999095916748, 100.0
468106, 0.43952977657318115, -1.117197036743164, 1.210292100906372, 0.20321761071681976, -0.002042800886556506, -0.0003561968042049557, 157673.578125, 121439.515625, 157802.8125, 151226.015625, 143639.78125, 162214.1875, 39248.0, 43295.0, 38145.0, 47189.0, 0.4386258125305176, -1.1176795959472656, 1.209869384765625, 0.1588883399963379, 0.35284557938575745, 100.0
468126, 0.44193586707115173, -1.1173210144042969, 1.2102270126342773, 0.20395880937576294, -0.002281996188685298, -0.0005796171026304364, 157673.578125, 121439.515625, 157802.8125, 151222.28125, 143645.75, 162212.75, 38446.0, 43996.0, 38978.0, 46618.0, 0.4422898292541504, -1.117685317993164, 1.2098922729492188, 0.14742299914360046, 0.3465583622455597, 100.0
468147, 0.44827592372894287, -1.1174309253692627, 1.2101435661315918, 0.20302805304527283, -0.0017437221249565482, 0.0008625455666333437, 157673.578125, 121439.515625, 157802.8125, 151224.15625, 143649.578125, 162219.1875, 38908.0, 43796.0, 38347.0, 46876.0, 0.44733524322509766, -1.117722511291504, 1.2094669342041016, 0.1329653561115265, 0.3434509336948395, 98.0
468166, 0.4506528377532959, -1.1175553798675537, 1.2101192474365234, 0.20365014672279358, -0.002022108528763056, 0.0016545464750379324, 157673.578125, 121439.515625, 157802.8125, 151228.5, 143647.125, 162222.75, 39057.0, 43730.0, 38199.0, 46908.0, 0.450897216796875, -1.1179389953613281, 1.2101192474365234, 0.12031059712171555, 0.3472813665866852, 98.0
468187, 0.4550279974937439, -1.1176615953445435, 1.2100903987884521, 0.20364132523536682, -0.0017974000656977296, -5.0442835345165804e-05, 157673.578125, 121439.515625, 157802.8125, 151231.609375, 143659.375, 162216.6875, 39531.0, 43539.0, 37654.0, 47058.0, 0.4558415412902832, -1.1181716918945312, 1.2097549438476562, 0.10677041113376617, 0.3483806550502777, 98.0
468206, 0.4614376127719879, -1.1177916526794434, 1.2100422382354736, 0.2029327154159546, -0.0015440965071320534, 0.00035018366179428995, 157673.578125, 121439.515625, 157802.8125, 151231.609375, 143656.234375, 162222.75, 39095.0, 43477.0, 38122.0, 47198.0, 0.45952844619750977, -1.1179113388061523, 1.2100162506103516, 0.09566688537597656, 0.3333640694618225, 97.0
468227, 0.46584346890449524, -1.117875576019287, 1.2100207805633545, 0.20306295156478882, -0.0012980763567611575, 0.0007262295112013817, 157673.578125, 121439.515625, 157802.8125, 151230.984375, 143651.328125, 162232.21875, 38669.0, 44120.0, 38645.0, 46556.0, 0.4644889831542969, -1.118149757385254, 1.2097434997558594, 0.0823184996843338, 0.32092007994651794, 97.0
468246, 0.47016507387161255, -1.1179567575454712, 1.2100266218185425, 0.20289455354213715, -0.0011421748204156756, 0.0034375989343971014, 157673.578125, 121439.515625, 157802.8125, 151229.734375, 143656.234375, 162229.1875, 38178.0, 44481.0, 39035.0, 46312.0, 0.46929264068603516, -1.1182613372802734, 1.2096500396728516, 0.06680233776569366, 0.30722349882125854, 98.0
468266, 0.47462427616119385, -1.1180671453475952, 1.2100685834884644, 0.20325905084609985, -0.0010904237860813737, 0.005481954198330641, 157673.578125, 121439.515625, 157802.8125, 151229.734375, 143664.265625, 162220.25, 38342.0, 44295.0, 38736.0, 46379.0, 0.4730682373046875, -1.1184988021850586, 1.2096805572509766, 0.050999417901039124, 0.30863189697265625, 98.0
468286, 0.4790385663509369, -1.118095874786377, 1.210172176361084, 0.2034873366355896, -0.0006120448815636337, 0.004939383827149868, 157673.578125, 121439.515625, 157802.8125, 151235.953125, 143660.75, 162225.25, 38922.0, 43224.0, 37949.0, 47317.0, 0.4781317710876465, -1.1184015274047852, 1.2100200653076172, 0.0285051092505455, 0.32294410467147827, 98.0
468306, 0.4834683835506439, -1.1182222366333008, 1.2101809978485107, 0.2036144733428955, -0.0008611631346866488, 0.004825020208954811, 157673.578125, 121439.515625, 157802.8125, 151237.796875, 143664.265625, 162228.28125, 39696.0, 42803.0, 37092.0, 47697.0, 0.48171138763427734, -1.1185712814331055, 1.209695816040039, 0.002778398571535945, 0.32968583703041077, 99.0
468326, 0.48799052834510803, -1.1182888746261597, 1.210227131843567, 0.20409907400608063, -0.0006389861810021102, 0.004311790689826012, 157673.578125, 121439.515625, 157802.8125, 151239.0625, 143666.71875, 162229.71875, 39448.0, 43357.0, 37241.0, 47324.0, 0.48662328720092773, -1.118586540222168, 1.209909439086914, -0.024141773581504822, 0.33983850479125977, 99.0
468347, 0.4902970790863037, -1.1183329820632935, 1.2102214097976685, 0.20442305505275726, -0.0006465045735239983, 0.004383489489555359, 157673.578125, 121439.515625, 157802.8125, 151232.21875, 143661.8125, 162223.28125, 38004.0, 44307.0, 38784.0, 46478.0, 0.49157285690307617, -1.1185102462768555, 1.2097740173339844, -0.05162019282579422, 0.33722150325775146, 99.0
468366, 0.49683669209480286, -1.118409514427185, 1.2103428840637207, 0.20417620241641998, -0.00037133393925614655, 0.007457931526005268, 157673.578125, 121439.515625, 157802.8125, 151241.546875, 143663.890625, 162235.25, 38296.0, 44600.0, 38418.0, 46250.0, 0.49524688720703125, -1.118790626525879, 1.2098751068115234, -0.07858069986104965, 0.3411288857460022, 98.0
468387, 0.4992050230503082, -1.1184614896774292, 1.2103750705718994, 0.20475071668624878, -0.000423017016146332, 0.0065071177668869495, 157673.578125, 121439.515625, 157802.8125, 151244.03125, 143669.859375, 162238.28125, 38402.0, 43805.0, 38217.0, 46834.0, 0.5001034736633301, -1.118790626525879, 1.2101631164550781, -0.10419661551713943, 0.34856903553009033, 98.0
468406, 0.5056959986686707, -1.1185215711593628, 1.2104781866073608, 0.20421363413333893, -0.00018222669314127415, 0.00606465432792902, 157673.578125, 121439.515625, 157802.8125, 151247.125, 143671.609375, 162237.75, 39014.0, 43360.0, 37499.0, 47306.0, 0.505103588104248, -1.1188068389892578, 1.2099552154541016, -0.1283942461013794, 0.3555242717266083, 98.0
468427, 0.5080488324165344, -1.1185506582260132, 1.2104933261871338, 0.20472484827041626, -0.00015354467905126512, 0.00479855528101325, 157673.578125, 121439.515625, 157802.8125, 151242.78125, 143673.0, 162236.3125, 39176.0, 43232.0, 37285.0, 47444.0, 0.5090103149414062, -1.1187372207641602, 1.2100849151611328, -0.1523798257112503, 0.3520379364490509, 93.0
468446, 0.5144872069358826, -1.118626594543457, 1.2104711532592773, 0.20398683845996857, -0.0001757752033881843, 0.002893477212637663, 157673.578125, 121439.515625, 157802.8125, 151240.296875, 143674.0625, 162232.75, 38041.0, 44284.0, 38543.0, 46586.0, 0.5138368606567383, -1.118821144104004, 1.2100048065185547, -0.18046821653842926, 0.34758460521698, 93.0
468466, 0.5189900994300842, -1.1186681985855103, 1.2104812860488892, 0.20417672395706177, -6.102364568505436e-05, 0.0028637340292334557, 157673.578125, 121439.515625, 157802.8125, 151240.296875, 143670.546875, 162243.8125, 37856.0, 44548.0, 38732.0, 46398.0, 0.5174870491027832, -1.1189050674438477, 1.2097282409667969, -0.20656506717205048, 0.35636305809020996, 100.0
468487, 0.5213520526885986, -1.1187279224395752, 1.2104219198226929, 0.204725980758667, -0.0002196401183027774, 0.003796783508732915, 157673.578125, 121439.515625, 157802.8125, 151251.484375, 143678.96875, 162245.78125, 37943.0, 44070.0, 38716.0, 46768.0, 0.5222439765930176, -1.1189727783203125, 1.2097396850585938, -0.22727453708648682, 0.37215858697891235, 100.0
468506, 0.5278568863868713, -1.1187742948532104, 1.210524320602417, 0.20412136614322662, 5.8391597121953964e-05, 0.0077290344052016735, 157673.578125, 121439.515625, 157802.8125, 151245.265625, 143669.859375, 162246.3125, 39804.0, 42774.0, 36538.0, 47850.0, 0.527674674987793, -1.1189947128295898, 1.210662841796875, -0.24759794771671295, 0.3735942542552948, 100.0
468526, 0.5323737263679504, -1.1188287734985352, 1.2105624675750732, 0.20436599850654602, 0.00011298980098217726, 0.0066450065933167934, 157673.578125, 121439.515625, 157802.8125, 151245.875, 143677.890625, 162246.3125, 39209.0, 42959.0, 36967.0, 47710.0, 0.5311722755432129, -1.119187355041504, 1.2099838256835938, -0.27090486884117126, 0.370624840259552, 97.0
468547, 0.5346763730049133, -1.1188607215881348, 1.210574746131897, 0.20458339154720306, 0.0001360752066830173, 0.00671108765527606, 157673.578125, 121439.515625, 157802.8125, 151252.71875, 143679.65625, 162238.28125, 38102.0, 44441.0, 38278.0, 46390.0, 0.5359811782836914, -1.1190872192382812, 1.2101783752441406, -0.29599809646606445, 0.3589637577533722, 97.0
468566, 0.5412052273750305, -1.1189168691635132, 1.2105233669281006, 0.20422318577766418, 0.00017501036927569658, 0.0026556041557341814, 157673.578125, 121439.515625, 157802.8125, 151247.75, 143683.171875, 162243.28125, 37908.0, 44621.0, 38310.0, 46316.0, 0.5396971702575684, -1.1191387176513672, 1.2096576690673828, -0.3161486089229584, 0.35622623562812805, 97.0
468587, 0.5435583591461182, -1.118973970413208, 1.2104884386062622, 0.20461192727088928, -1.664837145654019e-05, 0.002277794061228633, 157673.578125, 121439.515625, 157802.8125, 151245.265625, 143677.203125, 162243.8125, 38033.0, 44133.0, 38110.0, 47057.0, 0.5447006225585938, -1.1193351745605469, 1.2101936340332031, -0.3366169035434723, 0.3648875653743744, 98.0
468606, 0.5500178933143616, -1.1190255880355835, 1.2104172706604004, 0.2039095014333725, 5.265090294415131e-05, 0.0020302357152104378, 157673.578125, 121439.515625, 157802.8125, 151252.09375, 143687.0, 162247.375, 39095.0, 43292.0, 37379.0, 47532.0, 0.5493574142456055, -1.1193971633911133, 1.2098255157470703, -0.3533007800579071, 0.36720389127731323, 98.0
468627, 0.5523561835289001, -1.1190770864486694, 1.2103227376937866, 0.2043115347623825, -0.00011128322512377053, 0.001716562663204968, 157673.578125, 121439.515625, 157802.8125, 151248.359375, 143675.4375, 162256.84375, 39064.0, 43609.0, 37345.0, 47320.0, 0.5533013343811035, -1.1191177368164062, 1.2097549438476562, -0.37482887506484985, 0.3589390516281128, 98.0
468647, 0.5567223429679871, -1.1191134452819824, 1.210253357887268, 0.20405679941177368, 6.996946467552334e-05, 0.0038859315682202578, 157673.578125, 121439.515625, 157802.8125, 151262.03125, 143680.34375, 162251.84375, 37813.0, 44535.0, 38640.0, 46447.0, 0.5581197738647461, -1.1196184158325195, 1.2097415924072266, -0.39426252245903015, 0.3497430682182312, 97.0
468666, 0.5632243156433105, -1.119166612625122, 1.210278034210205, 0.2035713642835617, 0.00012214176240377128, 0.0033645438961684704, 157673.578125, 121439.515625, 157802.8125, 151255.8125, 143689.453125, 162260.78125, 38075.0, 44442.0, 38353.0, 46492.0, 0.5616674423217773, -1.1196050643920898, 1.2096061706542969, -0.402572363615036, 0.36173346638679504, 97.0
468688, 0.5676600337028503, -1.1192618608474731, 1.2101274728775024, 0.20357653498649597, -0.00024599285097792745, 0.0006546102231368423, 157673.578125, 121439.515625, 157802.8125, 151250.234375, 143681.03125, 162251.84375, 37871.0, 44375.0, 38430.0, 46663.0, 0.5666036605834961, -1.1196537017822266, 1.209085464477539, -0.4182996451854706, 0.37389037013053894, 98.0
468706, 0.5720181465148926, -1.1193007230758667, 1.2100296020507812, 0.20325736701488495, -0.00023995099763851613, -0.0010850955732166767, 157673.578125, 121439.515625, 157802.8125, 151258.296875, 143686.609375, 162255.78125, 38122.0, 44190.0, 38305.0, 46897.0, 0.5717868804931641, -1.1195030212402344, 1.2099037170410156, -0.4356706440448761, 0.37828317284584045, 98.0
468726, 0.5764992833137512, -1.11940598487854, 1.2099884748458862, 0.20353496074676514, -0.0007759254658594728, 0.0004168763989582658, 157673.578125, 121439.515625, 157802.8125, 151247.109375, 143692.59375, 162256.84375, 39133.0, 43793.0, 37371.0, 47285.0, 0.5751438140869141, -1.1192941665649414, 1.2134418487548828, -0.45023399591445923, 0.3722592890262604, 98.0
468746, 0.5808558464050293, -1.1195191144943237, 1.2099947929382324, 0.20327842235565186, -0.0013250465271994472, 0.0013307126937434077, 157673.578125, 121439.515625, 157802.8125, 151258.90625, 143692.59375, 162263.8125, 39195.0, 43761.0, 37271.0, 47247.0, 0.5808086395263672, -1.1195363998413086, 1.2122955322265625, -0.4645531475543976, 0.36722126603126526, 94.0
468766, 0.5852643251419067, -1.1196216344833374, 1.2098506689071655, 0.20322881639003754, -0.0016460821498185396, 0.0010029736440628767, 157673.578125, 121439.515625, 157802.8125, 151256.421875, 143697.484375, 162251.84375, 38393.0, 44223.0, 38095.0, 46793.0, 0.5835671424865723, -1.119964599609375, 1.2079334259033203, -0.48050248622894287, 0.35894548892974854, 94.0
468787, 0.5896289348602295, -1.1197060346603394, 1.2097878456115723, 0.202977254986763, -0.0018181890482082963, 0.001534111681394279, 157673.578125, 121439.515625, 157802.8125, 151258.296875, 143697.484375, 162271.3125, 37970.0, 44411.0, 38480.0, 46681.0, 0.5887346267700195, -1.1199712753295898, 1.2090797424316406, -0.48701012134552, 0.35608914494514465, 94.0
468806, 0.5940108299255371, -1.1198691129684448, 1.2097591161727905, 0.20293794572353363, -0.0026752320118248463, 0.001326009863987565, 157673.578125, 121439.515625, 157802.8125, 151263.265625, 143695.71875, 162261.3125, 38748.0, 43739.0, 37678.0, 47246.0, 0.5935659408569336, -1.1198291778564453, 1.2123126983642578, -0.5012438297271729, 0.359504759311676, 100.0
468826, 0.5964171886444092, -1.1198585033416748, 1.2096153497695923, 0.20358479022979736, -0.002268662443384528, 0.001464695786125958, 157673.578125, 121439.515625, 157802.8125, 151265.75, 143700.625, 162259.875, 39611.0, 43349.0, 36792.0, 47555.0, 0.5969133377075195, -1.1197233200073242, 1.2087936401367188, -0.5105164647102356, 0.36134764552116394, 100.0
468847, 0.6007082462310791, -1.1199177503585815, 1.2094972133636475, 0.20317785441875458, -0.002233786741271615, 0.0009470893419347703, 157673.578125, 121439.515625, 157802.8125, 151258.90625, 143703.078125, 162271.84375, 38374.0, 43699.0, 37937.0, 47376.0, 0.6017980575561523, -1.1200380325317383, 1.2085819244384766, -0.518521249294281, 0.35560283064842224, 100.0
468866, 0.6071164011955261, -1.120064377784729, 1.2094197273254395, 0.20236392319202423, -0.0024931146763265133, 0.001728569157421589, 157673.578125, 121439.515625, 157802.8125, 151267.625, 143704.828125, 162264.34375, 37499.0, 44425.0, 38857.0, 46748.0, 0.6052188873291016, -1.120377540588379, 1.2089862823486328, -0.529187023639679, 0.3572174310684204, 102.0
468887, 0.6093072891235352, -1.120106816291809, 1.2092807292938232, 0.20227251946926117, -0.0025026709772646427, 0.001645100419409573, 157673.578125, 121439.515625, 157802.8125, 151265.75, 143696.40625, 162261.3125, 37873.0, 44829.0, 38384.0, 46419.0, 0.6100854873657227, -1.1201248168945312, 1.2082672119140625, -0.5409970283508301, 0.3650749623775482, 102.0
468906, 0.6156667470932007, -1.1201378107070923, 1.209250569343567, 0.20140892267227173, -0.0019403585465624928, 0.0033826956059783697, 157673.578125, 121439.515625, 157802.8125, 151264.5, 143696.40625, 162268.8125, 38868.0, 43655.0, 37415.0, 47434.0, 0.6150588989257812, -1.1202898025512695, 1.2087383270263672, -0.5567721724510193, 0.37731173634529114, 102.0
468926, 0.6199427247047424, -1.1202207803726196, 1.2091315984725952, 0.2009163200855255, -0.002073451178148389, 0.003889707615599036, 157673.578125, 121439.515625, 157802.8125, 151266.375, 143701.3125, 162264.875, 38848.0, 43497.0, 37339.0, 47529.0, 0.6183662414550781, -1.1203527450561523, 1.2081966400146484, -0.5650454163551331, 0.3762701451778412, 105.0
468946, 0.6241813898086548, -1.1203018426895142, 1.2090957164764404, 0.2003527730703354, -0.0021078831050544977, 0.0001904468226712197, 157673.578125, 121439.515625, 157802.8125, 151265.75, 143705.515625, 162270.40625, 38690.0, 43370.0, 37404.0, 47677.0, 0.6221857070922852, -1.1203060150146484, 1.2082233428955078, -0.5824076533317566, 0.3735022246837616, 105.0
468966, 0.6285438537597656, -1.1203316450119019, 1.2089097499847412, 0.2003222107887268, -0.0017724278150126338, -0.0013245929731056094, 157673.578125, 121439.515625, 157802.8125, 151268.234375, 143706.203125, 162275.40625, 37719.0, 44471.0, 38567.0, 46822.0, 0.6270866394042969, -1.1203298568725586, 1.2081794738769531, -0.5902066230773926, 0.3684869110584259, 103.0
468987, 0.6327390074729919, -1.120347261428833, 1.208845615386963, 0.1997087448835373, -0.001394283608533442, -0.0004366297507658601, 157673.578125, 121439.515625, 157802.8125, 151266.375, 143706.203125, 162269.875, 37841.0, 44566.0, 38532.0, 46784.0, 0.6313581466674805, -1.1201715469360352, 1.2087974548339844, -0.6013841032981873, 0.3653465211391449, 103.0
469006, 0.6370095610618591, -1.1203914880752563, 1.2086727619171143, 0.19932515919208527, -0.0013029727851971984, -0.0004683532170020044, 157673.578125, 121439.515625, 157802.8125, 151272.5625, 143715.3125, 162282.375, 38200.0, 44418.0, 38147.0, 46890.0, 0.6353578567504883, -1.1202812194824219, 1.2081470489501953, -0.6088817119598389, 0.36196187138557434, 103.0
469026, 0.6392529010772705, -1.120408296585083, 1.2085418701171875, 0.19955968856811523, -0.0012050484074279666, 0.00045958743430674076, 157673.578125, 121439.515625, 157802.8125, 151271.34375, 143715.3125, 162282.375, 38404.0, 43675.0, 37995.0, 47701.0, 0.6399736404418945, -1.1204414367675781, 1.2078514099121094, -0.6205868124961853, 0.3542611002922058, 97.0
469046, 0.6435583829879761, -1.1204543113708496, 1.208508849143982, 0.19936800003051758, -0.0010704005835577846, 0.0028649449814110994, 157673.578125, 121439.515625, 157802.8125, 151271.953125, 143714.25, 162279.875, 38610.0, 43911.0, 37687.0, 47427.0, 0.6446065902709961, -1.1204195022583008, 1.2082500457763672, -0.6286645531654358, 0.3421628475189209, 97.0
469066, 0.647872269153595, -1.1204768419265747, 1.208435297012329, 0.19937409460544586, -0.0008021109388209879, 0.0027651528362184763, 157673.578125, 121439.515625, 157802.8125, 151276.3125, 143709.34375, 162286.84375, 38786.0, 44344.0, 37566.0, 46982.0, 0.6483726501464844, -1.1203851699829102, 1.2079753875732422, -0.6403871178627014, 0.3227151036262512, 97.0
469086, 0.6520285606384277, -1.120482087135315, 1.2084248065948486, 0.19875802099704742, -0.0005165437469258904, 0.0037694680504500866, 157673.578125, 121439.515625, 157802.8125, 151270.078125, 143711.109375, 162277.375, 37927.0, 44411.0, 38238.0, 46790.0, 0.6528739929199219, -1.1203651428222656, 1.2079010009765625, -0.6446051597595215, 0.31244516372680664, 98.0
469106, 0.6565252542495728, -1.1204898357391357, 1.2083206176757812, 0.19876551628112793, -0.0003521459875628352, 0.0010467971442267299, 157673.578125, 121439.515625, 157802.8125, 151279.40625, 143720.90625, 162289.34375, 38144.0, 44044.0, 38041.0, 47109.0, 0.657414436340332, -1.1205329895019531, 1.2078323364257812, -0.6503908038139343, 0.30943816900253296, 98.0
469127, 0.6607148051261902, -1.1204822063446045, 1.2082504034042358, 0.19840502738952637, -0.00016216609219554812, 0.0012342201080173254, 157673.578125, 121439.515625, 157802.8125, 151275.046875, 143723.359375, 162289.875, 38616.0, 43780.0, 37650.0, 47436.0, 0.6612472534179688, -1.1203079223632812, 1.2074966430664062, -0.6584557294845581, 0.29536527395248413, 98.0
469148, 0.6655417084693909, -1.120448112487793, 1.2081447839736938, 0.19890892505645752, 0.00022171728778630495, -1.4962679415475577e-05, 157673.578125, 121439.515625, 157802.8125, 151278.796875, 143716.6875, 162287.90625, 38759.0, 43964.0, 37512.0, 47267.0, 0.665827751159668, -1.1202287673950195, 1.207784652709961, -0.6648659706115723, 0.2811107635498047, 100.0
469166, 0.669590175151825, -1.120453119277954, 1.208055019378662, 0.19813452661037445, 0.0002286211383761838, -0.0008900787797756493, 157673.578125, 121439.515625, 157802.8125, 151279.40625, 143727.5625, 162294.875, 38085.0, 44115.0, 38226.0, 47190.0, 0.6692981719970703, -1.120509147644043, 1.2074108123779297, -0.6676653623580933, 0.2831651568412781, 100.0
469186, 0.6738064885139465, -1.1204440593719482, 1.207899570465088, 0.19796761870384216, 0.0002737624163273722, 0.0008451301255263388, 157673.578125, 121439.515625, 157802.8125, 151283.765625, 143721.59375, 162299.875, 38266.0, 44569.0, 38136.0, 46807.0, 0.6739521026611328, -1.1204214096069336, 1.2069549560546875, -0.6739317774772644, 0.2873571813106537, 101.0
469206, 0.6781054735183716, -1.1204060316085815, 1.207821249961853, 0.19810643792152405, 0.0004506211553234607, -0.0005410200683400035, 157673.578125, 121439.515625, 157802.8125, 151288.734375, 143724.734375, 162294.875, 38413.0, 44508.0, 37876.0, 46840.0, 0.6790065765380859, -1.1202392578125, 1.2076187133789062, -0.678159236907959, 0.2982494533061981, 101.0
469226, 0.6822999715805054, -1.1203606128692627, 1.2077133655548096, 0.19789670407772064, 0.0006840708665549755, -7.733797247055918e-05, 157673.578125, 121439.515625, 157802.8125, 151281.890625, 143729.625, 162295.40625, 38817.0, 44245.0, 37646.0, 47233.0, 0.6821918487548828, -1.1203632354736328, 1.2068614959716797, -0.6846135258674622, 0.2914166748523712, 101.0
469246, 0.6865372061729431, -1.1203664541244507, 1.2075419425964355, 0.1978098601102829, 0.0004976754426024854, -0.002170728985220194, 157673.578125, 121439.515625, 157802.8125, 151276.28125, 143732.078125, 162293.96875, 38842.0, 44013.0, 37542.0, 47480.0, 0.6868314743041992, -1.1203432083129883, 1.2066612243652344, -0.6921443939208984, 0.2831381559371948, 101.0
469266, 0.6906803846359253, -1.1203356981277466, 1.207455039024353, 0.19743990898132324, 0.0006378524703904986, -0.0023632030934095383, 157673.578125, 121439.515625, 157802.8125, 151294.3125, 143734.921875, 162304.875, 38938.0, 44061.0, 37590.0, 47463.0, 0.6902627944946289, -1.1202707290649414, 1.2071647644042969, -0.6939618587493896, 0.280953049659729, 101.0
469286, 0.6948893070220947, -1.1202969551086426, 1.2072868347167969, 0.19734950363636017, 0.000805600720923394, -0.0009664185345172882, 157673.578125, 121439.515625, 157802.8125, 151287.484375, 143728.9375, 162300.40625, 38257.0, 44979.0, 38445.0, 46577.0, 0.6951847076416016, -1.120081901550293, 1.2066173553466797, -0.6936365365982056, 0.2748359441757202, 101.0
469306, 0.6991449594497681, -1.1202569007873535, 1.2072131633758545, 0.19742807745933533, 0.0008753348956815898, 0.0006195831228978932, 157673.578125, 121439.515625, 157802.8125, 151296.796875, 143733.84375, 162305.40625, 38519.0, 44776.0, 38068.0, 46763.0, 0.698420524597168, -1.1199951171875, 1.2071475982666016, -0.6898288726806641, 0.2777245342731476, 108.0
469326, 0.7031824588775635, -1.120265245437622, 1.2071361541748047, 0.19667945802211761, 0.0005903998389840126, 0.0018450699280947447, 157673.578125, 121439.515625, 157802.8125, 151285.609375, 143731.390625, 162297.90625, 38517.0, 44184.0, 37973.0, 47267.0, 0.7028074264526367, -1.120152473449707, 1.206533432006836, -0.6923966407775879, 0.26657170057296753, 108.0
469346, 0.7074177861213684, -1.1202309131622314, 1.2070931196212769, 0.1967587172985077, 0.0006164564401842654, 0.0027897602412849665, 157673.578125, 121439.515625, 157802.8125, 151285.0, 143743.640625, 162295.9375, 38784.0, 43843.0, 37727.0, 47475.0, 0.7080163955688477, -1.1201133728027344, 1.2067031860351562, -0.687054455280304, 0.2524297833442688, 108.0
469366, 0.711608350276947, -1.1202079057693481, 1.2070168256759644, 0.19677355885505676, 0.0006279933149926364, 0.000669713772367686, 157673.578125, 121439.515625, 157802.8125, 151282.515625, 143738.734375, 162310.40625, 38578.0, 43846.0, 37655.0, 47415.0, 0.7109127044677734, -1.120173454284668, 1.2068500518798828, -0.688332736492157, 0.22541691362857819, 32766.0
469387, 0.7157172560691833, -1.1201777458190918, 1.2070300579071045, 0.19655056297779083, 0.0006779688410460949, 0.0003106615040451288, 157673.578125, 121439.515625, 157802.8125, 151299.28125, 143732.765625, 162306.46875, 38300.0, 44355.0, 38021.0, 47050.0, 0.7160396575927734, -1.1200218200683594, 1.2071456909179688, -0.6902698278427124, 0.20443812012672424, 32766.0
469406, 0.7198682427406311, -1.1201502084732056, 1.2069085836410522, 0.1965281367301941, 0.0007042275974527001, -0.0017083174316212535, 157673.578125, 121439.515625, 157802.8125, 151290.578125, 143745.015625, 162310.9375, 38410.0, 44354.0, 38117.0, 47125.0, 0.7189979553222656, -1.1201934814453125, 1.2059459686279297, -0.6880078315734863, 0.19666625559329987, 102.0
469427, 0.72392338514328, -1.1201335191726685, 1.2068102359771729, 0.19620926678180695, 0.0006238883943296969, -0.0008898002561181784, 157673.578125, 121439.515625, 157802.8125, 151293.671875, 143743.640625, 162310.40625, 38523.0, 44004.0, 38096.0, 47488.0, 0.7235841751098633, -1.120107650756836, 1.2063884735107422, -0.6836513876914978, 0.19203738868236542, 102.0
469446, 0.7281326055526733, -1.1201221942901611, 1.206761121749878, 0.19651569426059723, 0.0005493932403624058, 0.001586733153089881, 157673.578125, 121439.515625, 157802.8125, 151293.0625, 143746.09375, 162315.40625, 38873.0, 44268.0, 37706.0, 47251.0, 0.7281951904296875, -1.1201276779174805, 1.2059879302978516, -0.6789883971214294, 0.1766774207353592, 102.0
469466, 0.7323356866836548, -1.1201066970825195, 1.2067461013793945, 0.19678710401058197, 0.0005823071114718914, 0.0018820005934685469, 157673.578125, 121439.515625, 157802.8125, 151293.671875, 143738.359375, 162300.9375, 38727.0, 44468.0, 37751.0, 47009.0, 0.7318220138549805, -1.120229721069336, 1.206350326538086, -0.6768089532852173, 0.1730068325996399, 98.0
469487, 0.7364062070846558, -1.1201026439666748, 1.206742763519287, 0.19660021364688873, 0.0005033388151787221, 0.003413055557757616, 157673.578125, 121439.515625, 157802.8125, 151293.0625, 143754.125, 162305.9375, 38253.0, 44023.0, 38190.0, 47407.0, 0.7363481521606445, -1.1201162338256836, 1.2062702178955078, -0.6745139360427856, 0.16108469665050507, 98.0
469506, 0.7406590580940247, -1.1201149225234985, 1.2067240476608276, 0.1971450001001358, 0.0004554174083750695, 0.0016518940683454275, 157673.578125, 121439.515625, 157802.8125, 151297.421875, 143740.109375, 162310.9375, 38348.0, 44483.0, 38105.0, 46910.0, 0.7400178909301758, -1.120462417602539, 1.2063331604003906, -0.671118974685669, 0.14875128865242004, 98.0
469526, 0.744797945022583, -1.1201348304748535, 1.206711769104004, 0.19719967246055603, 0.0002774633467197418, 0.001830101478844881, 157673.578125, 121439.515625, 157802.8125, 151298.03125, 143752.359375, 162306.46875, 38262.0, 44728.0, 38267.0, 46738.0, 0.744511604309082, -1.1201629638671875, 1.2067298889160156, -0.6655701398849487, 0.13758088648319244, 100.0
469546, 0.7489050626754761, -1.1201584339141846, 1.2066924571990967, 0.1972249150276184, 0.00016186560969799757, 0.0017027690773829818, 157673.578125, 121439.515625, 157802.8125, 151300.515625, 143754.8125, 162323.4375, 38488.0, 44668.0, 38032.0, 46787.0, 0.7491617202758789, -1.1204185485839844, 1.20654296875, -0.6565129160881042, 0.14449073374271393, 100.0
469566, 0.7531890273094177, -1.1201863288879395, 1.2066847085952759, 0.197849839925766, 2.9628015454363776e-06, 0.0036168491933494806, 157673.578125, 121439.515625, 157802.8125, 151300.515625, 143763.234375, 162317.515625, 38648.0, 43611.0, 37841.0, 47719.0, 0.7527484893798828, -1.1203022003173828, 1.2062606811523438, -0.6483957171440125, 0.14345283806324005, 100.0
469587, 0.757257342338562, -1.1201969385147095, 1.2067067623138428, 0.19769129157066345, -1.5159514077822678e-05, 0.005447815638035536, 157673.578125, 121439.515625, 157802.8125, 151301.140625, 143756.578125, 162310.9375, 38295.0, 44070.0, 38114.0, 47286.0, 0.756810188293457, -1.1202430725097656, 1.2063846588134766, -0.641928493976593, 0.14267665147781372, 132.0
469606, 0.76165771484375, -1.1202112436294556, 1.2067434787750244, 0.19790273904800415, -1.3008359019295312e-05, 0.005397068802267313, 157673.578125, 121439.515625, 157802.8125, 151296.15625, 143754.8125, 162317.0, 38377.0, 44337.0, 38024.0, 46947.0, 0.7606945037841797, -1.1203041076660156, 1.2067108154296875, -0.6398422122001648, 0.14904770255088806, 132.0
469627, 0.7657610774040222, -1.1202516555786133, 1.206747055053711, 0.198054239153862, -0.00015770140453241765, 0.004953997675329447, 157673.578125, 121439.515625, 157802.8125, 151308.59375, 143751.28125, 162318.4375, 38297.0, 44128.0, 38200.0, 47056.0, 0.7649450302124023, -1.1204309463500977, 1.2060680389404297, -0.6345012187957764, 0.1511891633272171, 165.0
469646, 0.7698910236358643, -1.1202905178070068, 1.2067711353302002, 0.19778236746788025, -0.00020386396499816328, 0.001448449562303722, 157673.578125, 121439.515625, 157802.8125, 151309.203125, 143754.8125, 162327.0, 38730.0, 44216.0, 37644.0, 47071.0, 0.769597053527832, -1.1204042434692383, 1.2065658569335938, -0.6245149374008179, 0.15812084078788757, 165.0
469666, 0.774250328540802, -1.120329737663269, 1.2067164182662964, 0.19783815741539001, -0.0002980916469823569, 0.0017365389503538609, 157673.578125, 121439.515625, 157802.8125, 151312.9375, 143769.515625, 162327.0, 38603.0, 44447.0, 37885.0, 46793.0, 0.7732095718383789, -1.1205387115478516, 1.206094741821289, -0.6174815893173218, 0.1690073311328888, 165.0
469687, 0.7783726453781128, -1.1203802824020386, 1.2066537141799927, 0.197649747133255, -0.0004688996996264905, 0.00043915575952269137, 157673.578125, 121439.515625, 157802.8125, 151311.6875, 143763.921875, 162327.0, 38599.0, 44402.0, 38082.0, 46887.0, 0.7774066925048828, -1.120589256286621, 1.2059707641601562, -0.6036667227745056, 0.18499387800693512, 154.0
469706, 0.7824629545211792, -1.1204384565353394, 1.2066048383712769, 0.19727493822574615, -0.000678239215631038, 0.0010145190171897411, 157673.578125, 121439.515625, 157802.8125, 151321.65625, 143771.265625, 162334.5, 38882.0, 44219.0, 37780.0, 47137.0, 0.7808933258056641, -1.1205825805664062, 1.2061386108398438, -0.5904179215431213, 0.20282910764217377, 154.0
469727, 0.7865910530090332, -1.120484709739685, 1.2065284252166748, 0.19716811180114746, -0.00076755799818784, 0.0020888366270810366, 157673.578125, 121439.515625, 157802.8125, 151312.9375, 143768.828125, 162322.515625, 38654.0, 44310.0, 37958.0, 47067.0, 0.785487174987793, -1.1207542419433594, 1.2059383392333984, -0.579923152923584, 0.21435269713401794, 154.0
469746, 0.7906279563903809, -1.1205207109451294, 1.2065393924713135, 0.19659091532230377, -0.0007099517970345914, 0.0016664069844409823, 157673.578125, 121439.515625, 157802.8125, 151313.5625, 143765.6875, 162338.96875, 38827.0, 44391.0, 37748.0, 46963.0, 0.7899341583251953, -1.120772361755371, 1.2062816619873047, -0.5719312429428101, 0.2165461927652359, 32766.0
469766, 0.7947285175323486, -1.1205977201461792, 1.2064645290374756, 0.19636300206184387, -0.000938723620492965, -0.0006071520037949085, 157673.578125, 121439.515625, 157802.8125, 151309.203125, 143772.640625, 162338.96875, 38128.0, 44278.0, 38431.0, 47100.0, 0.7934246063232422, -1.1209115982055664, 1.2060623168945312, -0.5641704797744751, 0.2104911506175995, 32766.0
469787, 0.7987669706344604, -1.1206289529800415, 1.2064545154571533, 0.19593258202075958, -0.0009433470549993217, -0.0008709770045243204, 157673.578125, 121439.515625, 157802.8125, 151313.5625, 143768.4375, 162331.46875, 38424.0, 44151.0, 38216.0, 47290.0, 0.7979421615600586, -1.120718002319336, 1.2065505981445312, -0.558329701423645, 0.20696063339710236, 32766.0
469806, 0.8027948141098022, -1.1206659078598022, 1.2064342498779297, 0.19541938602924347, -0.0008557439432479441, -0.0005848128348588943, 157673.578125, 121439.515625, 157802.8125, 151312.296875, 143770.203125, 162339.5, 38796.0, 44039.0, 37820.0, 47414.0, 0.8010530471801758, -1.1207771301269531, 1.2062397003173828, -0.5541425943374634, 0.2156987190246582, 98.0
469827, 0.8068712949752808, -1.1206969022750854, 1.2064151763916016, 0.19520573318004608, -0.0007593983900733292, 0.002096520969644189, 157673.578125, 121439.515625, 157802.8125, 151317.265625, 143770.203125, 162325.03125, 38380.0, 44695.0, 38300.0, 46787.0, 0.8057727813720703, -1.1206998825073242, 1.2060661315917969, -0.5480812191963196, 0.20790544152259827, 98.0
469846, 0.8108264803886414, -1.1207636594772339, 1.2064677476882935, 0.19450743496418, -0.0008229379891417921, 0.004953000694513321, 157673.578125, 121439.515625, 157802.8125, 151309.203125, 143774.40625, 162339.5, 37836.0, 44605.0, 38531.0, 46933.0, 0.8101682662963867, -1.1208343505859375, 1.2067432403564453, -0.5426626801490784, 0.20062048733234406, 98.0
469866, 0.814857542514801, -1.120784044265747, 1.2065454721450806, 0.19417418539524078, -0.0006479346193373203, 0.006037603598088026, 157673.578125, 121439.515625, 157802.8125, 151316.65625, 143780.6875, 162337.0, 37455.0, 44770.0, 38874.0, 46625.0, 0.8132104873657227, -1.1207752227783203, 1.2061843872070312, -0.5492100119590759, 0.1957324594259262, 101.0
469887, 0.8188294768333435, -1.1207938194274902, 1.2066625356674194, 0.19360412657260895, -0.00036222513881511986, 0.007477244362235069, 157673.578125, 121439.515625, 157802.8125, 151319.140625, 143777.546875, 162337.53125, 37192.0, 44460.0, 38828.0, 47042.0, 0.8178281784057617, -1.120905876159668, 1.2063961029052734, -0.5581990480422974, 0.22399425506591797, 101.0
469906, 0.8227686882019043, -1.120797872543335, 1.2067698240280151, 0.1927812546491623, -1.5812815036042593e-05, 0.007529715076088905, 157673.578125, 121439.515625, 157802.8125, 151309.8125, 143789.796875, 162333.046875, 37095.0, 44029.0, 38708.0, 47462.0, 0.8209609985351562, -1.1207475662231445, 1.2063579559326172, -0.5801172852516174, 0.31607598066329956, 32766.0
469926, 0.826766848564148, -1.120785117149353, 1.206896185874939, 0.19176830351352692, 0.0004923598025925457, 0.009246806614100933, 157673.578125, 121439.515625, 157802.8125, 151310.4375, 143783.8125, 162334.5, 35822.0, 44990.0, 39748.0, 46694.0, 0.8255720138549805, -1.1207647323608398, 1.2065486907958984, -0.6163231134414673, 0.41598910093307495, 32766.0
469946, 0.83060222864151, -1.1207313537597656, 1.2070943117141724, 0.18971849977970123, 0.0014834771864116192, 0.012047420255839825, 157673.578125, 121439.515625, 157802.8125, 151314.78125, 143794.6875, 162352.53125, 34351.0, 46118.0, 40063.0, 46250.0, 0.8296327590942383, -1.1207237243652344, 1.2071914672851562, -0.6672701239585876, 0.5817562341690063, 32766.0
469966, 0.8344603180885315, -1.1206448078155518, 1.207300066947937, 0.1875147819519043, 0.002516130916774273, 0.013059264980256557, 157673.578125, 121439.515625, 157802.8125, 151329.078125, 143798.515625, 162333.046875, 34676.0, 45958.0, 40203.0, 45863.0, 0.8329048156738281, -1.1203536987304688, 1.2067432403564453, -0.724524199962616, 0.7049562335014343, 97.0
469986, 0.8382177948951721, -1.120547890663147, 1.2074530124664307, 0.1846236139535904, 0.0034412930253893137, 0.012652412056922913, 157673.578125, 121439.515625, 157802.8125, 151314.78125, 143804.109375, 162336.078125, 38480.0, 41297.0, 36470.0, 49639.0, 0.8367919921875, -1.120375633239746, 1.2065982818603516, -0.7973508834838867, 0.8707732558250427, 97.0
470006, 0.8418739438056946, -1.1204380989074707, 1.2076172828674316, 0.1806337833404541, 0.0033784816041588783, 0.011901173740625381, 157673.578125, 121439.515625, 157802.8125, 151319.75, 143805.171875, 162348.0625, 39921.0, 44506.0, 34761.0, 47278.0, 0.8401355743408203, -1.1200237274169922, 1.2072296142578125, -0.8732880353927612, 1.137069582939148, 97.0
470027, 0.8454768061637878, -1.120408058166504, 1.207721471786499, 0.1756903976202011, 0.0007840742473490536, 0.009279409423470497, 157673.578125, 121439.515625, 157802.8125, 151317.265625, 143814.96875, 162345.5625, 37461.0, 46013.0, 37132.0, 45863.0, 0.8437042236328125, -1.1204767227172852, 1.2068347930908203, -0.9433984756469727, 1.5450063943862915, 32766.0
470046, 0.8488038182258606, -1.1204102039337158, 1.2077279090881348, 0.16804617643356323, -0.004287471529096365, 0.006924604531377554, 157673.578125, 121439.515625, 157802.8125, 151317.890625, 143817.421875, 162338.578125, 34647.0, 45346.0, 39682.0, 46713.0, 0.8476219177246094, -1.1199798583984375, 1.2072525024414062, -1.040204405784607, 2.1242775917053223, 32766.0
470066, 0.8520093560218811, -1.1205496788024902, 1.2077078819274902, 0.15861967206001282, -0.011032095178961754, 0.005209219641983509, 157673.578125, 121439.515625, 157802.8125, 151312.921875, 143811.453125, 162353.0625, 32185.0, 46034.0, 41507.0, 46555.0, 0.849940299987793, -1.1202974319458008, 1.2069587707519531, -1.1560325622558594, 2.714531183242798, 32766.0
470087, 0.8549012541770935, -1.12077796459198, 1.207686185836792, 0.14635135233402252, -0.018219521269202232, 0.007908046245574951, 157673.578125, 121439.515625, 157802.8125, 151314.78125, 143823.015625, 162352.53125, 32645.0, 45466.0, 41214.0, 47144.0, 0.8530149459838867, -1.1204729080200195, 1.2067680358886719, -1.29485285282135, 3.312138080596924, 102.0
470106, 0.8574557304382324, -1.1211928129196167, 1.2077158689498901, 0.1319006234407425, -0.025769513100385666, 0.00981479324400425, 157673.578125, 121439.515625, 157802.8125, 151324.09375, 143813.90625, 162341.609375, 34704.0, 45533.0, 39490.0, 46907.0, 0.8557834625244141, -1.120896339416504, 1.2067737579345703, -1.4181665182113647, 3.841294765472412, 102.0
470127, 0.8599089980125427, -1.1218379735946655, 1.2078454494476318, 0.11580462753772736, -0.034274742007255554, 0.01019846647977829, 157673.578125, 121439.515625, 157802.8125, 151325.953125, 143823.703125, 162361.078125, 36064.0, 45489.0, 38074.0, 46948.0, 0.8575096130371094, -1.1214056015014648, 1.2072677612304688, -1.506666660308838, 4.243530750274658, 32766.0
470146, 0.8617678284645081, -1.1225531101226807, 1.2079592943191528, 0.0988665372133255, -0.042823441326618195, 0.009670346044003963, 157673.578125, 121439.515625, 157802.8125, 151327.21875, 143823.015625, 162346.609375, 35541.0, 46511.0, 37169.0, 46704.0, 0.8595151901245117, -1.1218624114990234, 1.2073497772216797, -1.5856947898864746, 4.489892959594727, 32766.0
470166, 0.8633430004119873, -1.1234815120697021, 1.2081053256988525, 0.08193007111549377, -0.052451394498348236, 0.009333333931863308, 157673.578125, 121439.515625, 157802.8125, 151316.015625, 143829.28125, 162358.578125, 34907.0, 45993.0, 39061.0, 46275.0, 0.860865592956543, -1.1225509643554688, 1.2077293395996094, -1.6433286666870117, 4.526312828063965, 32766.0
470186, 0.8644426465034485, -1.1245578527450562, 1.208276391029358, 0.0644955113530159, -0.062434758991003036, 0.009646687656641006, 157673.578125, 121439.515625, 157802.8125, 151318.5, 143837.015625, 162360.5625, 35599.0, 44981.0, 38393.0, 47242.0, 0.8621368408203125, -1.1235218048095703, 1.208089828491211, -1.6783660650253296, 4.462892532348633, 102.0
470206, 0.865208089351654, -1.1257946491241455, 1.2084951400756836, 0.04785482585430145, -0.07228748500347137, 0.007318707648664713, 157673.578125, 121439.515625, 157802.8125, 151330.3125, 143832.8125, 162368.59375, 36236.0, 44753.0, 37470.0, 47610.0, 0.8629951477050781, -1.1243600845336914, 1.2084884643554688, -1.7053260803222656, 4.277658462524414, 102.0
470227, 0.8657703399658203, -1.1272765398025513, 1.2086454629898071, 0.03262781351804733, -0.08244546502828598, 0.00422745430842042, 157673.578125, 121439.515625, 157802.8125, 151325.34375, 143840.15625, 162356.078125, 36351.0, 44793.0, 37832.0, 47351.0, 0.8637247085571289, -1.1257047653198242, 1.2088298797607422, -1.7110650539398193, 4.031253814697266, 102.0
470246, 0.8659288883209229, -1.1288033723831177, 1.208771824836731, 0.017746446654200554, -0.09197904914617538, 0.003449794137850404, 157673.578125, 121439.515625, 157802.8125, 151325.953125, 143839.078125, 162352.140625, 36573.0, 43992.0, 38375.0, 47856.0, 0.8642206192016602, -1.127035140991211, 1.2089481353759766, -1.7061834335327148, 3.743281126022339, 104.0
470266, 0.8658212423324585, -1.130540132522583, 1.2089872360229492, 0.003814858850091696, -0.10152854770421982, 0.004366681445389986, 157673.578125, 121439.515625, 157802.8125, 151332.796875, 143835.953125, 162362.140625, 35664.0, 44914.0, 39319.0, 47013.0, 0.8644876480102539, -1.128335952758789, 1.2097511291503906, -1.6725304126739502, 3.448837995529175, 104.0
470286, 0.8655341863632202, -1.1325490474700928, 1.2091248035430908, -0.008649501949548721, -0.11115756630897522, 0.005699009634554386, 157673.578125, 121439.515625, 157802.8125, 151324.09375, 143842.21875, 162354.109375, 36112.0, 44885.0, 39312.0, 46654.0, 0.8641424179077148, -1.1303787231445312, 1.2093544006347656, -1.6077908277511597, 3.156991481781006, 104.0
470306, 0.864928662776947, -1.1345793008804321, 1.2093504667282104, -0.020587285980582237, -0.11995555460453033, 0.009028064087033272, 157673.578125, 121439.515625, 157802.8125, 151332.15625, 143840.84375, 162351.609375, 37534.0, 42920.0, 40087.0, 46701.0, 0.8638191223144531, -1.1317663192749023, 1.2094879150390625, -1.504747748374939, 2.8706612586975098, 98.0
470327, 0.8642001152038574, -1.1368200778961182, 1.2095956802368164, -0.030913587659597397, -0.1283157467842102, 0.009778291918337345, 157673.578125, 121439.515625, 157802.8125, 151335.890625, 143852.40625, 162364.109375, 35734.0, 42315.0, 39882.0, 48103.0, 0.8633184432983398, -1.1335620880126953, 1.2098712921142578, -1.3785223960876465, 2.5919575691223145, 98.0
470346, 0.863250195980072, -1.139039397239685, 1.2099313735961914, -0.04029718041419983, -0.13492605090141296, 0.01202775165438652, 157673.578125, 121439.515625, 157802.8125, 151334.03125, 143843.984375, 162368.59375, 35404.0, 42116.0, 40382.0, 48026.0, 0.8626861572265625, -1.1358089447021484, 1.2104930877685547, -1.2469593286514282, 2.2684216499328613, 103.0
470366, 0.8621966242790222, -1.1414662599563599, 1.2102855443954468, -0.04798905923962593, -0.14063070714473724, 0.012216874398291111, 157673.578125, 121439.515625, 157802.8125, 151329.0625, 143860.4375, 162359.640625, 36782.0, 42090.0, 39660.0, 47502.0, 0.8618459701538086, -1.1375665664672852, 1.2106781005859375, -1.087862253189087, 1.8799200057983398, 103.0
470387, 0.860958456993103, -1.143953800201416, 1.2107070684432983, -0.05438772216439247, -0.14494213461875916, 0.01373281329870224, 157673.578125, 121439.515625, 157802.8125, 151333.40625, 143854.46875, 162370.5625, 37630.0, 42182.0, 39431.0, 46941.0, 0.8611221313476562, -1.139510154724121, 1.2110729217529297, -0.8881862759590149, 1.4175840616226196, 103.0
470406, 0.8597734570503235, -1.1462050676345825, 1.211174726486206, -0.058284882456064224, -0.14761392772197723, 0.016186561435461044, 157673.578125, 121439.515625, 157802.8125, 151334.640625, 143863.578125, 162367.140625, 41307.0, 38205.0, 40699.0, 46113.0, 0.8603734970092773, -1.1411027908325195, 1.211639404296875, -0.6265882849693298, 0.8769865036010742, 32766.0
470426, 0.8585678935050964, -1.1487183570861816, 1.2116539478302002, -0.060178786516189575, -0.1508050560951233, 0.019124632701277733, 157673.578125, 121439.515625, 157802.8125, 151334.03125, 143860.4375, 162368.59375, 42314.0, 36726.0, 41059.0, 45831.0, 0.8593368530273438, -1.1435213088989258, 1.2120189666748047, -0.32638341188430786, 0.36866798996925354, 32766.0
470446, 0.8573499917984009, -1.1512519121170044, 1.2122117280960083, -0.060174111276865005, -0.1530604511499405, 0.018637673929333687, 157673.578125, 121439.515625, 157802.8125, 151336.515625, 143866.03125, 162369.109375, 43181.0, 35635.0, 41587.0, 45121.0, 0.8587760925292969, -1.1453819274902344, 1.2126140594482422, 0.02287738025188446, -0.08658559620380402, 32766.0
470466, 0.8562667965888977, -1.1538848876953125, 1.212693691253662, -0.058401919901371, -0.15620681643486023, 0.01663704216480255, 157673.578125, 121439.515625, 157802.8125, 151330.921875, 143866.03125, 162374.640625, 39141.0, 40202.0, 40396.0, 45980.0, 0.8578195571899414, -1.1477231979370117, 1.212320327758789, 0.4351571500301361, -0.506570041179657, 104.0
470486, 0.8553231954574585, -1.1562367677688599, 1.2129806280136108, -0.0553625151515007, -0.1572570502758026, 0.008669286035001278, 157673.578125, 121439.515625, 157802.8125, 151341.484375, 143868.484375, 162367.671875, 43238.0, 36330.0, 43431.0, 42769.0, 0.8577127456665039, -1.150172233581543, 1.2166557312011719, 0.8366490602493286, -0.7978963851928711, 104.0
470506, 0.8544939160346985, -1.1584810018539429, 1.2129493951797485, -0.05144370719790459, -0.1570775806903839, -0.0009332075715065002, 157673.578125, 121439.515625, 157802.8125, 151338.375, 143861.8125, 162368.203125, 43449.0, 36204.0, 43611.0, 42960.0, 0.8568220138549805, -1.1523303985595703, 1.2127628326416016, 1.2409844398498535, -1.0126028060913086, 99.0
470528, 0.853753387928009, -1.1609371900558472, 1.2127116918563843, -0.04664318263530731, -0.15785643458366394, -0.0117165083065629, 157673.578125, 121439.515625, 157802.8125, 151342.09375, 143852.015625, 162380.171875, 41575.0, 38522.0, 40034.0, 46646.0, 0.8563880920410156, -1.1541709899902344, 1.2123336791992188, 1.6541991233825684, -1.264623999595642, 99.0
470546, 0.8532714247703552, -1.1631971597671509, 1.2121461629867554, -0.04021608829498291, -0.15783464908599854, -0.02324029803276062, 157673.578125, 121439.515625, 157802.8125, 151338.359375, 143833.796875, 162380.703125, 46420.0, 33580.0, 42264.0, 44733.0, 0.8560342788696289, -1.1560344696044922, 1.2116985321044922, 2.0597527027130127, -1.620281457901001, 99.0
470566, 0.8528914451599121, -1.1657005548477173, 1.211378574371338, -0.03233368694782257, -0.1585729569196701, -0.031845130026340485, 157673.578125, 121439.515625, 157802.8125, 151348.9375, 143831.734375, 162394.640625, 45779.0, 31626.0, 44674.0, 45524.0, 0.8559837341308594, -1.158524513244629, 1.2106285095214844, 2.492769241333008, -2.0849337577819824, 32766.0
470587, 0.8529089689254761, -1.1679073572158813, 1.2104871273040771, -0.021781302988529205, -0.15769696235656738, -0.03210803493857384, 157673.578125, 121439.515625, 157802.8125, 151357.0, 143828.203125, 162392.140625, 46837.0, 31016.0, 45755.0, 44400.0, 0.8563251495361328, -1.1609783172607422, 1.2099418640136719, 2.9688096046447754, -2.5176162719726562, 32766.0
470606, 0.8532411456108093, -1.170172929763794, 1.2095738649368286, -0.009840338490903378, -0.15648840367794037, -0.033690452575683594, 157673.578125, 121439.515625, 157802.8125, 151348.296875, 143839.765625, 162381.234375, 47707.0, 31740.0, 46633.0, 42215.0, 0.8568601608276367, -1.1630783081054688, 1.209075927734375, 3.5121169090270996, -2.805837869644165, 32766.0
470626, 0.8536953926086426, -1.172561526298523, 1.2087074518203735, 0.0020776439923793077, -0.15574829280376434, -0.03453349322080612, 157673.578125, 121439.515625, 157802.8125, 151345.203125, 143847.8125, 162387.671875, 44836.0, 37800.0, 42911.0, 44984.0, 0.8577337265014648, -1.165501594543457, 1.2083797454833984, 4.105942726135254, -2.847431182861328, 32766.0
470646, 0.8546048998832703, -1.1747658252716064, 1.2078304290771484, 0.01460199523717165, -0.1549142599105835, -0.030936503782868385, 157673.578125, 121439.515625, 157802.8125, 151348.328125, 143850.25, 162395.171875, 49449.0, 33103.0, 47741.0, 37580.0, 0.8587198257446289, -1.167994499206543, 1.2073688507080078, 4.737575054168701, -2.7004334926605225, 32766.0
470666, 0.8558297157287598, -1.1768994331359863, 1.2069683074951172, 0.026529187336564064, -0.1544821858406067, -0.03158494830131531, 157673.578125, 121439.515625, 157802.8125, 151355.78125, 143860.0625, 162392.671875, 48547.0, 33624.0, 49705.0, 35211.0, 0.8599576950073242, -1.170161247253418, 1.2063865661621094, 5.4073486328125, -2.4267518520355225, 32766.0
470687, 0.8570668697357178, -1.1793313026428223, 1.2061126232147217, 0.0365256667137146, -0.1557120829820633, -0.03389092534780502, 157673.578125, 121439.515625, 157802.8125, 151344.578125, 143867.40625, 162393.203125, 49261.0, 32398.0, 50577.0, 33733.0, 0.8611679077148438, -1.1725664138793945, 1.2053794860839844, 6.120677471160889, -2.080388069152832, 32766.0
470706, 0.8587850332260132, -1.181757926940918, 1.2052596807479858, 0.04676668345928192, -0.15710462629795074, -0.029545823112130165, 157673.578125, 121439.515625, 157802.8125, 151352.65625, 143863.1875, 162386.234375, 45448.0, 36116.0, 46766.0, 42184.0, 0.8626308441162109, -1.1745662689208984, 1.2051010131835938, 6.928808689117432, -1.7006505727767944, 32766.0
470727, 0.8599581718444824, -1.1828300952911377, 1.2048108577728271, 0.052355971187353134, -0.15702326595783234, -0.026048654690384865, 157673.578125, 121439.515625, 157802.8125, 151352.65625, 143860.0625, 162387.671875, 46461.0, 34221.0, 47326.0, 41950.0, 0.8644094467163086, -1.176980972290039, 1.2041740417480469, 7.817348957061768, -1.368234395980835, 32766.0
470746, 0.8619042634963989, -1.1850571632385254, 1.2042288780212402, 0.06075722351670265, -0.15772999823093414, -0.018010936677455902, 157673.578125, 121439.515625, 157802.8125, 151350.171875, 143854.078125, 162399.25, 48096.0, 33305.0, 46891.0, 40970.0, 0.8663692474365234, -1.1796932220458984, 1.2037296295166016, 8.739028930664062, -1.148928165435791, 32766.0
470766, 0.8640453219413757, -1.1874043941497803, 1.2038438320159912, 0.06866739690303802, -0.1586039662361145, -0.011240801773965359, 157673.578125, 121439.515625, 157802.8125, 151351.390625, 143844.28125, 162412.671875, 48721.0, 32194.0, 47240.0, 39771.0, 0.8682041168212891, -1.1818046569824219, 1.2036285400390625, 9.734046936035156, -1.0334120988845825, 32766.0
470788, 0.8661222457885742, -1.18990957736969, 1.2036335468292236, 0.07544799894094467, -0.15987271070480347, -0.006516131106764078, 157673.578125, 121439.515625, 157802.8125, 151350.171875, 143841.140625, 162395.703125, 49509.0, 30352.0, 47586.0, 39128.0, 0.8706817626953125, -1.1844482421875, 1.203287124633789, 10.788182258605957, -0.9564620852470398, 95.0
470806, 0.8683421611785889, -1.1924582719802856, 1.2035013437271118, 0.0821639895439148, -0.16138921678066254, -0.001508417073637247, 157673.578125, 121439.515625, 157802.8125, 151345.8125, 143850.25, 162406.234375, 49203.0, 27584.0, 49304.0, 39161.0, 0.8724794387817383, -1.1865577697753906, 1.2030696868896484, 11.904903411865234, -0.9391642808914185, 95.0
470827, 0.8709418177604675, -1.194866418838501, 1.2034969329833984, 0.08960691094398499, -0.1619049608707428, 0.0028140039648860693, 157673.578125, 121439.515625, 157802.8125, 151348.90625, 143862.5, 162406.234375, 48803.0, 25166.0, 50412.0, 39257.0, 0.8754358291625977, -1.188974380493164, 1.2036476135253906, 13.083983421325684, -0.8611629009246826, 95.0
470846, 0.8736350536346436, -1.1971755027770996, 1.2035220861434937, 0.0963980183005333, -0.16085807979106903, 0.005601608194410801, 157673.578125, 121439.515625, 157802.8125, 151348.90625, 143863.1875, 162403.734375, 49723.0, 26215.0, 50827.0, 35965.0, 0.8778276443481445, -1.191946029663086, 1.2030105590820312, 14.293732643127441, -0.679950475692749, 103.0
470866, 0.8764761090278625, -1.1995033025741577, 1.2035740613937378, 0.10233016312122345, -0.15922774374485016, 0.006771169602870941, 157673.578125, 121439.515625, 157802.8125, 151350.171875, 143869.46875, 162406.234375, 49990.0, 25938.0, 51276.0, 34096.0, 0.8804235458374023, -1.1935958862304688, 1.2034244537353516, 15.540197372436523, -0.42640435695648193, 103.0
470887, 0.8804249167442322, -1.203278660774231, 1.203739881515503, 0.10750342160463333, -0.15783211588859558, 0.008089235983788967, 157673.578125, 121439.515625, 157802.8125, 151343.9375, 143869.859375, 162410.171875, 51199.0, 25539.0, 51085.0, 31857.0, 0.8834819793701172, -1.1962471008300781, 1.2035560607910156, 16.83413314819336, -0.11030881106853485, 103.0
470906, 0.8821510076522827, -1.2041479349136353, 1.203694462776184, 0.11013778299093246, -0.1560443639755249, 0.006081399507820606, 157673.578125, 121439.515625, 157802.8125, 151350.78125, 143875.4375, 162399.25, 51719.0, 24978.0, 51382.0, 30385.0, 0.8858003616333008, -1.1978511810302734, 1.2032890319824219, 18.136552810668945, 0.1976349949836731, 99.0
470926, 0.8864049911499023, -1.2079967260360718, 1.2036715745925903, 0.11273805797100067, -0.15628400444984436, 0.000922387174796313, 157673.578125, 121439.515625, 157802.8125, 151348.296875, 143871.234375, 162401.75, 51698.0, 23323.0, 52062.0, 30489.0, 0.8887758255004883, -1.2002334594726562, 1.2030391693115234, 19.4188175201416, 0.4816760718822479, 99.0
470946, 0.8881083130836487, -1.2087225914001465, 1.2035609483718872, 0.11434996128082275, -0.15465398132801056, -0.0011357435723766685, 157673.578125, 121439.515625, 157802.8125, 151348.90625, 143873.671875, 162401.75, 51990.0, 21932.0, 52399.0, 30565.0, 0.8919458389282227, -1.2021732330322266, 1.20294189453125, 20.70777130126953, 0.7082363367080688, 99.0
470966, 0.8911616206169128, -1.2107267379760742, 1.2033495903015137, 0.11579642444849014, -0.1536453515291214, -0.005674050655215979, 157673.578125, 121439.515625, 157802.8125, 151350.78125, 143866.328125, 162419.265625, 52181.0, 21406.0, 52494.0, 30504.0, 0.8944063186645508, -1.2038688659667969, 1.2026748657226562, 21.8358211517334, 0.8295143246650696, 99.0
470987, 0.8940233588218689, -1.21298348903656, 1.2030051946640015, 0.11623760312795639, -0.15367911756038666, -0.013054510578513145, 157673.578125, 121439.515625, 157802.8125, 151358.859375, 143868.78125, 162424.265625, 53171.0, 20933.0, 51739.0, 31020.0, 0.8973379135131836, -1.2060165405273438, 1.2022476196289062, 22.86425018310547, 0.8797855973243713, 99.0
471006, 0.8972060680389404, -1.2149978876113892, 1.2023980617523193, 0.1173068955540657, -0.1522890329360962, -0.023070232942700386, 157673.578125, 121439.515625, 157802.8125, 151355.75, 143868.78125, 162425.703125, 53095.0, 19810.0, 52104.0, 31651.0, 0.8998441696166992, -1.2073307037353516, 1.2017059326171875, 23.824392318725586, 0.8162533640861511, 100.0
471027, 0.9000450968742371, -1.2170531749725342, 1.2016206979751587, 0.11778601258993149, -0.15154175460338593, -0.03363505378365517, 157673.578125, 121439.515625, 157802.8125, 151354.5, 143873.671875, 162422.28125, 53315.0, 20873.0, 52176.0, 31043.0, 0.9027891159057617, -1.2090511322021484, 1.200632095336914, 24.64003562927246, 0.7370674014091492, 100.0
471046, 0.9032227993011475, -1.2189348936080933, 1.2005637884140015, 0.11925892531871796, -0.14983952045440674, -0.04136543720960617, 157673.578125, 121439.515625, 157802.8125, 151356.984375, 143885.921875, 162416.234375, 53075.0, 21021.0, 53028.0, 31059.0, 0.9052314758300781, -1.2103633880615234, 1.1999893188476562, 25.400861740112305, 0.6279868483543396, 100.0
471066, 0.9064158201217651, -1.2207578420639038, 1.1993968486785889, 0.12084576487541199, -0.14767172932624817, -0.04878954589366913, 157673.578125, 121439.515625, 157802.8125, 151356.375, 143882.40625, 162426.765625, 52979.0, 20182.0, 53374.0, 32022.0, 0.9084939956665039, -1.21209716796875, 1.199249267578125, 25.764726638793945, 0.6010919213294983, 100.0
471087, 0.9094201326370239, -1.222219705581665, 1.1980655193328857, 0.12213099002838135, -0.14431868493556976, -0.05622014403343201, 157673.578125, 121439.515625, 157802.8125, 151357.59375, 143882.40625, 162422.28125, 53371.0, 22813.0, 53425.0, 30038.0, 0.9113998413085938, -1.2134876251220703, 1.1972541809082031, 26.37189483642578, 0.6003296971321106, 100.0
471106, 0.9124415516853333, -1.2241437435150146, 1.196712613105774, 0.12261606007814407, -0.1427568644285202, -0.06033064052462578, 157673.578125, 121439.515625, 157802.8125, 151354.5, 143876.8125, 162422.28125, 53942.0, 23651.0, 53232.0, 29643.0, 0.9137744903564453, -1.214681625366211, 1.1966915130615234, 27.18233871459961, 0.7173661589622498, 100.0
471126, 0.9154902696609497, -1.2260723114013672, 1.1952122449874878, 0.12321324646472931, -0.14209944009780884, -0.06284303218126297, 157673.578125, 121439.515625, 157802.8125, 151354.5, 143884.15625, 162420.3125, 54079.0, 23076.0, 53203.0, 30597.0, 0.9170894622802734, -1.2162799835205078, 1.1949653625488281, 27.409433364868164, 0.7588035464286804, 98.0
471146, 0.918468713760376, -1.2272840738296509, 1.1937787532806396, 0.12412363290786743, -0.13963352143764496, -0.06663550436496735, 157673.578125, 121439.515625, 157802.8125, 151369.40625, 143889.75, 162425.3125, 54815.0, 18533.0, 54422.0, 28305.0, 0.9202394485473633, -1.2177906036376953, 1.1936206817626953, 27.799606323242188, 0.7877259254455566, 98.0
471166, 0.9213767051696777, -1.2289469242095947, 1.192214012145996, 0.12502792477607727, -0.1392664611339569, -0.0740143358707428, 157673.578125, 121439.515625, 157802.8125, 151361.953125, 143879.953125, 162429.265625, 54363.0, 21966.0, 52869.0, 33412.0, 0.9225692749023438, -1.219125747680664, 1.1923084259033203, 28.05939483642578, 0.7402909994125366, 98.0
471187, 0.9244397878646851, -1.2301204204559326, 1.190549612045288, 0.12678822875022888, -0.13691861927509308, -0.07814345508813858, 157673.578125, 121439.515625, 157802.8125, 151364.4375, 143889.75, 162444.265625, 54141.0, 22002.0, 53119.0, 34573.0, 0.9260520935058594, -1.2202930450439453, 1.1906852722167969, 28.21738052368164, 0.5829978585243225, 98.0
471206, 0.9275398254394531, -1.2312426567077637, 1.18887197971344, 0.12912246584892273, -0.13400568068027496, -0.08236867189407349, 157673.578125, 121439.515625, 157802.8125, 151369.40625, 143883.09375, 162428.34375, 54654.0, 19464.0, 53022.0, 36384.0, 0.928466796875, -1.2213687896728516, 1.1897544860839844, 28.289119720458984, 0.34909671545028687, 98.0
471226, 0.9305811524391174, -1.2327810525894165, 1.1871323585510254, 0.13159991800785065, -0.1323065161705017, -0.08162560313940048, 157673.578125, 121439.515625, 157802.8125, 151360.078125, 143889.0625, 162445.84375, 54889.0, 22698.0, 52482.0, 35929.0, 0.9321060180664062, -1.2229442596435547, 1.1878376007080078, 28.29933738708496, 0.10898622870445251, 98.0
471246, 0.9339761137962341, -1.2339831590652466, 1.1853705644607544, 0.13558155298233032, -0.12864752113819122, -0.08023008704185486, 157673.578125, 121439.515625, 157802.8125, 151371.28125, 143897.78125, 162442.8125, 54641.0, 22976.0, 52699.0, 36239.0, 0.9347124099731445, -1.2242183685302734, 1.1862239837646484, 28.235107421875, -0.14257636666297913, 100.0
471266, 0.9371522665023804, -1.235368251800537, 1.1838245391845703, 0.13937650620937347, -0.12620021402835846, -0.07726117968559265, 157673.578125, 121439.515625, 157802.8125, 151368.15625, 143899.546875, 162445.84375, 54559.0, 25139.0, 51862.0, 36959.0, 0.9382295608520508, -1.2254295349121094, 1.1851158142089844, 28.131135940551758, -0.2969450056552887, 100.0
471286, 0.9406722187995911, -1.2363790273666382, 1.1823780536651611, 0.14481458067893982, -0.12277229130268097, -0.0704716145992279, 157673.578125, 121439.515625, 157802.8125, 151365.671875, 143907.578125, 162445.3125, 54327.0, 26764.0, 51835.0, 36571.0, 0.942169189453125, -1.2270774841308594, 1.183298110961914, 27.991634368896484, -0.3953699469566345, 99.0
471306, 0.9442996382713318, -1.2373521327972412, 1.1811116933822632, 0.15044674277305603, -0.11976699531078339, -0.06501603871583939, 157673.578125, 121439.515625, 157802.8125, 151371.890625, 143913.5625, 162447.8125, 54398.0, 27693.0, 51153.0, 36761.0, 0.9454879760742188, -1.2277603149414062, 1.1827144622802734, 27.825254440307617, -0.3838396668434143, 99.0
471327, 0.9480770826339722, -1.2383662462234497, 1.1800428628921509, 0.15659622848033905, -0.11781135946512222, -0.05555109307169914, 157673.578125, 121439.515625, 157802.8125, 151370.015625, 143905.140625, 162446.375, 54277.0, 29133.0, 50387.0, 37225.0, 0.9497003555297852, -1.2296409606933594, 1.1817741394042969, 27.602981567382812, -0.3651762008666992, 99.0
471346, 0.9518264532089233, -1.2397116422653198, 1.179139256477356, 0.16244345903396606, -0.11796842515468597, -0.04849395900964737, 157673.578125, 121439.515625, 157802.8125, 151373.734375, 143913.5625, 162453.875, 54400.0, 30313.0, 48724.0, 38131.0, 0.9527969360351562, -1.230865478515625, 1.1802616119384766, 27.31407928466797, -0.3492410480976105, 100.0
471366, 0.9558956027030945, -1.2407548427581787, 1.178431749343872, 0.1693985015153885, -0.11791873723268509, -0.04107557237148285, 157673.578125, 121439.515625, 157802.8125, 151378.09375, 143905.140625, 162457.828125, 54005.0, 32745.0, 47587.0, 38530.0, 0.9574737548828125, -1.2321758270263672, 1.1794319152832031, 26.944549560546875, -0.32888728380203247, 100.0
471386, 0.9601585865020752, -1.242347240447998, 1.1777491569519043, 0.1764027327299118, -0.12066691368818283, -0.03554860129952431, 157673.578125, 121439.515625, 157802.8125, 151376.84375, 143910.03125, 162452.8125, 52855.0, 32831.0, 47151.0, 41021.0, 0.962188720703125, -1.2340812683105469, 1.1787395477294922, 26.478713989257812, -0.32565954327583313, 100.0
471406, 0.9648438692092896, -1.2437751293182373, 1.1772485971450806, 0.18489252030849457, -0.12354317307472229, -0.029702521860599518, 157673.578125, 121439.515625, 157802.8125, 151378.703125, 143907.578125, 162458.34375, 54262.0, 27193.0, 49756.0, 38056.0, 0.9656581878662109, -1.2352962493896484, 1.1787261962890625, 25.908645629882812, -0.324979692697525, 99.0
471426, 0.9672673940658569, -1.2441326379776, 1.1771254539489746, 0.18924346566200256, -0.12354084849357605, -0.025705447420477867, 157673.578125, 121439.515625, 157802.8125, 151381.1875, 143924.734375, 162455.84375, 51698.0, 35111.0, 45333.0, 43164.0, 0.9707660675048828, -1.237417221069336, 1.1781768798828125, 25.289316177368164, -0.2797260284423828, 99.0
471446, 0.9739513993263245, -1.246856451034546, 1.176793098449707, 0.19920901954174042, -0.13016277551651, -0.010897000320255756, 157673.578125, 121439.515625, 157802.8125, 151388.03125, 143922.96875, 162456.90625, 53556.0, 28706.0, 49340.0, 39324.0, 0.9757776260375977, -1.2392005920410156, 1.1777515411376953, 24.60930061340332, -0.21039994060993195, 97.0
471467, 0.9767864942550659, -1.2475615739822388, 1.1767964363098145, 0.20365670323371887, -0.13130947947502136, -0.006520118564367294, 157673.578125, 121439.515625, 157802.8125, 151380.578125, 143926.5, 162464.40625, 52835.0, 29193.0, 49487.0, 39307.0, 0.9798793792724609, -1.2412052154541016, 1.1773395538330078, 23.833717346191406, -0.054892655462026596, 97.0
471488, 0.9822227954864502, -1.249589204788208, 1.1769492626190186, 0.210515096783638, -0.13565579056739807, 0.0037009736988693476, 157673.578125, 121439.515625, 157802.8125, 151383.0625, 143918.0625, 162453.875, 52564.0, 29925.0, 48959.0, 39840.0, 0.9853792190551758, -1.2432518005371094, 1.1777687072753906, 22.975677490234375, 0.19230173528194427, 97.0
471506, 0.9875471591949463, -1.251678705215454, 1.1772197484970093, 0.2156606912612915, -0.13984163105487823, 0.010539676994085312, 157673.578125, 121439.515625, 157802.8125, 151388.03125, 143927.875, 162456.375, 51595.0, 30559.0, 49233.0, 39704.0, 0.9890480041503906, -1.2453784942626953, 1.177541732788086, 22.13553810119629, 0.5587056279182434, 101.0
471527, 0.9924256801605225, -1.2538765668869019, 1.177619457244873, 0.21796303987503052, -0.1441439539194107, 0.018189020454883575, 157673.578125, 121439.515625, 157802.8125, 151383.671875, 143922.28125, 162453.875, 51637.0, 31785.0, 48328.0, 39448.0, 0.994842529296875, -1.2479972839355469, 1.178152084350586, 21.320505142211914, 0.9476048946380615, 101.0
471546, 0.9975661635398865, -1.2560213804244995, 1.178083062171936, 0.2194301187992096, -0.1477166712284088, 0.023784257471561432, 157673.578125, 121439.515625, 157802.8125, 151384.9375, 143925.421875, 162468.34375, 51197.0, 32126.0, 48108.0, 39341.0, 0.9986810684204102, -1.2500286102294922, 1.1776161193847656, 20.497529983520508, 1.320812463760376, 101.0
471566, 1.0032241344451904, -1.2586865425109863, 1.1786925792694092, 0.2195473164319992, -0.15259100496768951, 0.026823943480849266, 157673.578125, 121439.515625, 157802.8125, 151376.84375, 143927.1875, 162462.421875, 51011.0, 33923.0, 47320.0, 38776.0, 1.0046195983886719, -1.2530040740966797, 1.1786766052246094, 20.04094696044922, 1.5076148509979248, 100.0
471586, 1.0086441040039062, -1.2616395950317383, 1.179352045059204, 0.21727143228054047, -0.15836605429649353, 0.028930768370628357, 157673.578125, 121439.515625, 157802.8125, 151386.78125, 143928.5625, 162457.421875, 50714.0, 32032.0, 47021.0, 40990.0, 1.0099658966064453, -1.2555809020996094, 1.179494857788086, 19.13679313659668, 1.8603882789611816, 100.0
471606, 1.0135658979415894, -1.2640986442565918, 1.179948329925537, 0.2142959088087082, -0.1621987521648407, 0.031223362311720848, 157673.578125, 121439.515625, 157802.8125, 151389.90625, 143939.4375, 162469.40625, 44937.0, 39994.0, 41158.0, 47437.0, 1.0140619277954102, -1.2581729888916016, 1.179769515991211, 18.26095962524414, 2.1057469844818115, 100.0
471626, 1.018331527709961, -1.266904354095459, 1.1805022954940796, 0.2102365791797638, -0.1667921394109726, 0.03168593347072601, 157673.578125, 121439.515625, 157802.8125, 151379.328125, 143935.90625, 162464.40625, 44244.0, 41385.0, 40063.0, 47642.0, 1.0191173553466797, -1.261240005493164, 1.1795768737792969, 17.404253005981445, 2.28899884223938, 98.0
471646, 1.0236166715621948, -1.2700457572937012, 1.1811941862106323, 0.20534120500087738, -0.17140762507915497, 0.03187977522611618, 157673.578125, 121439.515625, 157802.8125, 151386.15625, 143935.90625, 162474.40625, 42494.0, 42872.0, 38683.0, 48600.0, 1.024928092956543, -1.2644977569580078, 1.1809768676757812, 16.456754684448242, 2.4662704467773438, 98.0
471667, 1.026345133781433, -1.2715038061141968, 1.1815097332000732, 0.20306649804115295, -0.17297382652759552, 0.030938562005758286, 157673.578125, 121439.515625, 157802.8125, 151386.78125, 143944.328125, 162473.875, 48805.0, 35464.0, 45663.0, 41860.0, 1.0284385681152344, -1.2670402526855469, 1.1813831329345703, 15.45628833770752, 2.707845687866211, 98.0
471686, 1.0314031839370728, -1.2748008966445923, 1.1820942163467407, 0.19636593759059906, -0.1770663857460022, 0.029421819373965263, 157673.578125, 121439.515625, 157802.8125, 151389.265625, 143943.25, 162477.4375, 47958.0, 35779.0, 45655.0, 42794.0, 1.0333366394042969, -1.2701892852783203, 1.1812267303466797, 14.440505027770996, 3.015839099884033, 32766.0
471706, 1.036077857017517, -1.2780042886734009, 1.182610034942627, 0.18857209384441376, -0.18059660494327545, 0.02809937670826912, 157673.578125, 121439.515625, 157802.8125, 151379.328125, 143940.8125, 162472.4375, 46579.0, 36573.0, 46391.0, 43049.0, 1.0367918014526367, -1.2726306915283203, 1.1816692352294922, 13.472770690917969, 3.3987765312194824, 32766.0
471728, 1.0400958061218262, -1.2810893058776855, 1.1830450296401978, 0.17868565022945404, -0.18319621682167053, 0.026674894616007805, 157673.578125, 121439.515625, 157802.8125, 151386.78125, 143941.484375, 162472.953125, 46174.0, 37663.0, 46733.0, 42254.0, 1.0416240692138672, -1.2760543823242188, 1.1823234558105469, 12.617607116699219, 3.8047707080841064, 103.0
471746, 1.044298529624939, -1.2843481302261353, 1.183502435684204, 0.16734160482883453, -0.1853272169828415, 0.025752365589141846, 157673.578125, 121439.515625, 157802.8125, 151393.609375, 143947.46875, 162489.9375, 47409.0, 37558.0, 45412.0, 42468.0, 1.0453414916992188, -1.2784404754638672, 1.1830329895019531, 12.205689430236816, 3.9971165657043457, 103.0
471766, 1.048274040222168, -1.2876620292663574, 1.1839853525161743, 0.15458810329437256, -0.1871432214975357, 0.029101883992552757, 157673.578125, 121439.515625, 157802.8125, 151387.390625, 143950.609375, 162479.9375, 48448.0, 37263.0, 43954.0, 43004.0, 1.0492973327636719, -1.2820281982421875, 1.1832714080810547, 11.433895111083984, 4.2881879806518555, 103.0
471786, 1.0516129732131958, -1.2909109592437744, 1.184546709060669, 0.14145268499851227, -0.18920287489891052, 0.0310153029859066, 157673.578125, 121439.515625, 157802.8125, 151392.359375, 143946.390625, 162492.4375, 48557.0, 36469.0, 43781.0, 43418.0, 1.0534334182739258, -1.2859916687011719, 1.1841659545898438, 10.745396614074707, 4.3610429763793945, 32766.0
471806, 1.0549417734146118, -1.2940897941589355, 1.1851835250854492, 0.1295425146818161, -0.19096332788467407, 0.03322362154722214, 157673.578125, 121439.515625, 157802.8125, 151387.390625, 143950.609375, 162482.4375, 47450.0, 36246.0, 44737.0, 43802.0, 1.0562849044799805, -1.288351058959961, 1.184652328491211, 10.153038024902344, 4.249650478363037, 32766.0
471826, 1.0580416917800903, -1.2977423667907715, 1.1860018968582153, 0.1168387159705162, -0.19362807273864746, 0.037869829684495926, 157673.578125, 121439.515625, 157802.8125, 151396.71875, 143965.296875, 162480.453125, 47211.0, 36119.0, 44707.0, 44000.0, 1.0601844787597656, -1.2919139862060547, 1.186288833618164, 9.596168518066406, 4.079326629638672, 32766.0
471846, 1.0609040260314941, -1.300905704498291, 1.1868104934692383, 0.10579241067171097, -0.19395673274993896, 0.04260145500302315, 157673.578125, 121439.515625, 157802.8125, 151392.359375, 143968.4375, 162480.984375, 44399.0, 40140.0, 39967.0, 47499.0, 1.0635137557983398, -1.2957115173339844, 1.1863746643066406, 9.053488731384277, 3.916902780532837, 100.0
471866, 1.0636688470840454, -1.3042174577713013, 1.1878068447113037, 0.09574445337057114, -0.19445563852787018, 0.044948760420084, 157673.578125, 121439.515625, 157802.8125, 151390.484375, 143966.671875, 162490.453125, 47697.0, 36284.0, 43179.0, 43745.0, 1.0661821365356445, -1.2990741729736328, 1.1875724792480469, 8.5704984664917, 3.7816736698150635, 100.0
471886, 1.0661816596984863, -1.3079290390014648, 1.1888796091079712, 0.0848492830991745, -0.1956973820924759, 0.05023029446601868, 157673.578125, 121439.515625, 157802.8125, 151392.96875, 143961.09375, 162480.453125, 47493.0, 37011.0, 42973.0, 43319.0, 1.0693912506103516, -1.3025188446044922, 1.1887359619140625, 8.109771728515625, 3.6564345359802246, 100.0
471906, 1.0687278509140015, -1.311437726020813, 1.190061330795288, 0.07561610639095306, -0.19627514481544495, 0.05238289386034012, 157673.578125, 121439.515625, 157802.8125, 151389.875, 143968.4375, 162495.453125, 44010.0, 40824.0, 39468.0, 46430.0, 1.0717658996582031, -1.3052043914794922, 1.1897258758544922, 7.631446838378906, 3.4985692501068115, 32766.0
471927, 1.0708383321762085, -1.3148707151412964, 1.1911836862564087, 0.06687482446432114, -0.19701255857944489, 0.053839124739170074, 157673.578125, 121439.515625, 157802.8125, 151388.625, 143970.890625, 162490.984375, 43902.0, 39343.0, 40063.0, 46728.0, 1.0747613906860352, -1.308858871459961, 1.1908493041992188, 7.226981163024902, 3.336962938308716, 32766.0
471946, 1.0730973482131958, -1.3181833028793335, 1.1923528909683228, 0.059957850724458694, -0.19691123068332672, 0.05483992397785187, 157673.578125, 121439.515625, 157802.8125, 151399.8125, 143966.671875, 162497.4375, 44681.0, 39036.0, 38754.0, 47016.0, 1.0771026611328125, -1.3116722106933594, 1.192098617553711, 6.838315486907959, 3.157031536102295, 104.0
471966, 1.075337529182434, -1.3214644193649292, 1.1935148239135742, 0.05436212942004204, -0.19634851813316345, 0.05178273841738701, 157673.578125, 121439.515625, 157802.8125, 151402.296875, 143970.203125, 162495.984375, 44160.0, 39869.0, 38522.0, 46822.0, 1.0800542831420898, -1.3152103424072266, 1.1936302185058594, 6.4371209144592285, 2.9369797706604004, 104.0
471986, 1.0772812366485596, -1.3250731229782104, 1.194572925567627, 0.04818159341812134, -0.19625338912010193, 0.04783739894628525, 157673.578125, 121439.515625, 157802.8125, 151400.4375, 143964.234375, 162500.46875, 44108.0, 40265.0, 37971.0, 46996.0, 1.0825920104980469, -1.3185920715332031, 1.1943092346191406, 6.033429145812988, 2.7132208347320557, 104.0
472006, 1.0794522762298584, -1.3282747268676758, 1.1955046653747559, 0.044754233211278915, -0.19517570734024048, 0.04380694031715393, 157673.578125, 121439.515625, 157802.8125, 151397.953125, 143967.359375, 162498.484375, 46013.0, 37086.0, 41893.0, 44575.0, 1.0847082138061523, -1.3213005065917969, 1.1949386596679688, 5.57290506362915, 2.467247724533081, 103.0
472027, 1.081650733947754, -1.3313047885894775, 1.1963318586349487, 0.04231356084346771, -0.1931149959564209, 0.041388656944036484, 157673.578125, 121439.515625, 157802.8125, 151397.953125, 143986.671875, 162495.984375, 45043.0, 36782.0, 42537.0, 45355.0, 1.087538719177246, -1.3245563507080078, 1.1959800720214844, 5.122697830200195, 2.253833055496216, 103.0
472046, 1.0835756063461304, -1.3346530199050903, 1.1972358226776123, 0.03973378241062164, -0.19238734245300293, 0.03977815434336662, 157673.578125, 121439.515625, 157802.8125, 151399.8125, 143986.28125, 162497.96875, 45614.0, 37811.0, 41153.0, 45239.0, 1.0896949768066406, -1.327199935913086, 1.1962051391601562, 4.643572807312012, 2.0673277378082275, 103.0
472066, 1.0859026908874512, -1.3379991054534912, 1.1982100009918213, 0.0387629009783268, -0.1909363567829132, 0.040810149163007736, 157673.578125, 121439.515625, 157802.8125, 151392.96875, 143993.625, 162501.515625, 41309.0, 42403.0, 37065.0, 48435.0, 1.0925874710083008, -1.3302898406982422, 1.200479507446289, 4.153182506561279, 1.9418712854385376, 102.0
472086, 1.0874056816101074, -1.3391008377075195, 1.1983757019042969, 0.03986504673957825, -0.1874251663684845, 0.038632214069366455, 157673.578125, 121439.515625, 157802.8125, 151394.828125, 143984.515625, 162494.546875, 44004.0, 39138.0, 41788.0, 45246.0, 1.0952844619750977, -1.3337154388427734, 1.1969928741455078, 3.620061159133911, 1.8989585638046265, 102.0
472106, 1.0901495218276978, -1.3437466621398926, 1.1992812156677246, 0.03674573823809624, -0.18373362720012665, 0.03190350905060768, 157673.578125, 121439.515625, 157802.8125, 151407.265625, 143987.65625, 162504.546875, 43496.0, 39387.0, 41741.0, 45621.0, 1.097447395324707, -1.3359546661376953, 1.1981430053710938, 3.10774827003479, 1.8987830877304077, 102.0
472127, 1.0917776823043823, -1.3450698852539062, 1.1995728015899658, 0.03802855685353279, -0.1808384656906128, 0.031064553186297417, 157673.578125, 121439.515625, 157802.8125, 151408.5, 143994.3125, 162507.046875, 42662.0, 38484.0, 42247.0, 46733.0, 1.0999984741210938, -1.3391151428222656, 1.1989116668701172, 2.5648837089538574, 1.9110581874847412, 32766.0
472146, 1.0943114757537842, -1.3481299877166748, 1.200076937675476, 0.03782119229435921, -0.17654523253440857, 0.025838954374194145, 157673.578125, 121439.515625, 157802.8125, 151399.171875, 143993.625, 162509.546875, 42443.0, 39069.0, 41875.0, 47008.0, 1.1024322509765625, -1.3416099548339844, 1.1993980407714844, 1.9995362758636475, 1.9273015260696411, 32766.0
472166, 1.0964473485946655, -1.3513062000274658, 1.200514793395996, 0.03596071898937225, -0.17247645556926727, 0.022698156535625458, 157673.578125, 121439.515625, 157802.8125, 151403.53125, 143990.09375, 162511.515625, 43282.0, 39969.0, 40493.0, 46970.0, 1.1052446365356445, -1.3441448211669922, 1.1997318267822266, 1.714491844177246, 1.9054378271102905, 103.0
472188, 1.0989625453948975, -1.3536523580551147, 1.200777530670166, 0.03677045926451683, -0.16667377948760986, 0.021632615476846695, 157673.578125, 121439.515625, 157802.8125, 151406.015625, 143995.390625, 162510.984375, 43404.0, 40776.0, 40446.0, 46409.0, 1.1078214645385742, -1.347146987915039, 1.199972152709961, 1.1881701946258545, 1.8790132999420166, 103.0
472206, 1.1015563011169434, -1.3559727668762207, 1.2011094093322754, 0.037853118032217026, -0.16142630577087402, 0.022079113870859146, 157673.578125, 121439.515625, 157802.8125, 151403.53125, 143997.453125, 162511.515625, 43243.0, 40873.0, 40201.0, 46694.0, 1.1104049682617188, -1.3493232727050781, 1.200662612915039, 0.7282283902168274, 1.8396018743515015, 103.0
472228, 1.103729486465454, -1.3586751222610474, 1.2015013694763184, 0.03680047765374184, -0.1579434722661972, 0.020684970542788506, 157673.578125, 121439.515625, 157802.8125, 151403.53125, 144001.65625, 162509.546875, 42202.0, 40913.0, 41112.0, 46754.0, 1.112992286682129, -1.3519039154052734, 1.2011127471923828, 0.2716405689716339, 1.8516517877578735, 101.0
472246, 1.106352686882019, -1.3607292175292969, 1.2017805576324463, 0.037858329713344574, -0.15289339423179626, 0.0197726022452116, 157673.578125, 121439.515625, 157802.8125, 151401.046875, 144003.03125, 162512.5625, 36575.0, 44084.0, 38942.0, 49567.0, 1.1160345077514648, -1.354400634765625, 1.2016162872314453, -0.15611669421195984, 1.9258581399917603, 101.0
472266, 1.108535647392273, -1.3630406856536865, 1.2021199464797974, 0.036641672253608704, -0.148979052901268, 0.019853264093399048, 157673.578125, 121439.515625, 157802.8125, 151389.234375, 144007.25, 162504.015625, 40132.0, 41004.0, 42201.0, 47484.0, 1.1181364059448242, -1.3563804626464844, 1.2017879486083984, -0.587613046169281, 2.0605406761169434, 101.0
472286, 1.1111469268798828, -1.3649238348007202, 1.2024815082550049, 0.03671235591173172, -0.14319774508476257, 0.021602993831038475, 157673.578125, 121439.515625, 157802.8125, 151392.34375, 144015.28125, 162520.984375, 37751.0, 44841.0, 37625.0, 49268.0, 1.120467185974121, -1.3587455749511719, 1.2022972106933594, -1.0021284818649292, 2.208350419998169, 32766.0
472306, 1.1137502193450928, -1.3667935132980347, 1.2028906345367432, 0.03633576259016991, -0.1378355622291565, 0.024443360045552254, 157673.578125, 121439.515625, 157802.8125, 151394.203125, 144012.828125, 162517.578125, 42174.0, 42284.0, 39269.0, 46728.0, 1.1224403381347656, -1.3604393005371094, 1.202077865600586, -1.3916534185409546, 2.3086817264556885, 32766.0
472327, 1.1163485050201416, -1.3688234090805054, 1.2034443616867065, 0.03527921438217163, -0.1337219774723053, 0.027031727135181427, 157673.578125, 121439.515625, 157802.8125, 151397.3125, 144009.015625, 162514.546875, 42243.0, 41023.0, 39017.0, 47628.0, 1.1252412796020508, -1.3629207611083984, 1.2030200958251953, -1.755924940109253, 2.3514819145202637, 32766.0
472346, 1.1184642314910889, -1.3711439371109009, 1.2041382789611816, 0.03205011785030365, -0.13127008080482483, 0.029929764568805695, 157673.578125, 121439.515625, 157802.8125, 151395.4375, 144021.953125, 162515.0625, 39489.0, 43345.0, 35439.0, 49877.0, 1.1270065307617188, -1.3643512725830078, 1.2039165496826172, -2.1256799697875977, 2.264538526535034, 32766.0
472366, 1.1206517219543457, -1.3717594146728516, 1.20457923412323, 0.03527739644050598, -0.1279698759317398, 0.031062360852956772, 157673.578125, 121439.515625, 157802.8125, 151399.796875, 144018.421875, 162513.625, 41147.0, 40431.0, 39987.0, 47738.0, 1.1294364929199219, -1.3666648864746094, 1.2044906616210938, -2.440699815750122, 2.1040096282958984, 32766.0
472386, 1.1227259635925293, -1.3739821910858154, 1.2053557634353638, 0.03287826478481293, -0.12609107792377472, 0.034332524985075, 157673.578125, 121439.515625, 157802.8125, 151396.6875, 144017.046875, 162510.59375, 42234.0, 40879.0, 38768.0, 47310.0, 1.1318750381469727, -1.3689918518066406, 1.2052898406982422, -2.6950981616973877, 1.9420280456542969, 106.0
472407, 1.1246534585952759, -1.3758468627929688, 1.2061208486557007, 0.031408537179231644, -0.12434688210487366, 0.03852265328168869, 157673.578125, 121439.515625, 157802.8125, 151395.4375, 144012.828125, 162517.578125, 42052.0, 41329.0, 38594.0, 46932.0, 1.1333351135253906, -1.3707160949707031, 1.206197738647461, -2.8975472450256348, 1.8300890922546387, 106.0
472428, 1.1269673109054565, -1.3775687217712402, 1.207016944885254, 0.0317695327103138, -0.12285735458135605, 0.040305666625499725, 157673.578125, 121439.515625, 157802.8125, 151396.6875, 144011.75, 162534.546875, 41373.0, 41267.0, 38882.0, 46955.0, 1.1355867385864258, -1.3727970123291016, 1.2072296142578125, -3.0975890159606934, 1.788973093032837, 106.0
472446, 1.1292706727981567, -1.3794680833816528, 1.2079545259475708, 0.031677208840847015, -0.12232238799333572, 0.04160343110561371, 157673.578125, 121439.515625, 157802.8125, 151396.6875, 144024.0, 162513.625, 40400.0, 41301.0, 39335.0, 46909.0, 1.137822151184082, -1.3750877380371094, 1.2079524993896484, -3.301618814468384, 1.8130433559417725, 104.0
472466, 1.1310850381851196, -1.3813517093658447, 1.2087291479110718, 0.030189674347639084, -0.12250053882598877, 0.039491262286901474, 157673.578125, 121439.515625, 157802.8125, 151392.953125, 144035.578125, 162527.578125, 40790.0, 41274.0, 38484.0, 47036.0, 1.1391801834106445, -1.376708984375, 1.2082023620605469, -3.404463052749634, 1.8172118663787842, 104.0
472487, 1.133198618888855, -1.3831497430801392, 1.2094812393188477, 0.029657617211341858, -0.12265707552433014, 0.03421207517385483, 157673.578125, 121439.515625, 157802.8125, 151394.203125, 144029.984375, 162528.09375, 40567.0, 41704.0, 38526.0, 46840.0, 1.1410245895385742, -1.3788833618164062, 1.2093219757080078, -3.709177255630493, 1.970131278038025, 104.0
472506, 1.1351813077926636, -1.3850065469741821, 1.2101094722747803, 0.02818610705435276, -0.12352021038532257, 0.030581165105104446, 157673.578125, 121439.515625, 157802.8125, 151397.3125, 144034.890625, 162527.578125, 39605.0, 42180.0, 39449.0, 46701.0, 1.142171859741211, -1.380636215209961, 1.2096576690673828, -3.810917615890503, 2.030877113342285, 106.0
472527, 1.1367393732070923, -1.386993646621704, 1.210683822631836, 0.024732086807489395, -0.12498628348112106, 0.027581797912716866, 157673.578125, 121439.515625, 157802.8125, 151392.953125, 144035.578125, 162531.125, 39958.0, 41768.0, 39000.0, 47206.0, 1.1439628601074219, -1.3827877044677734, 1.210235595703125, -4.0923051834106445, 2.2282402515411377, 106.0
472546, 1.13851797580719, -1.388957142829895, 1.2111774682998657, 0.021816285327076912, -0.12645988166332245, 0.027516739442944527, 157673.578125, 121439.515625, 157802.8125, 151397.921875, 144029.984375, 162530.59375, 40274.0, 41443.0, 38741.0, 47490.0, 1.1455259323120117, -1.3852481842041016, 1.2108573913574219, -4.259248733520508, 2.3009746074676514, 32766.0
472566, 1.1398451328277588, -1.391028642654419, 1.2116740942001343, 0.017275171354413033, -0.1282770037651062, 0.02774473838508129, 157673.578125, 121439.515625, 157802.8125, 151392.953125, 144037.328125, 162535.59375, 40665.0, 41075.0, 38375.0, 47657.0, 1.1464452743530273, -1.386911392211914, 1.2113513946533203, -4.400533199310303, 2.2890608310699463, 32766.0
472586, 1.1413601636886597, -1.3930995464324951, 1.2122067213058472, 0.01380159892141819, -0.13007132709026337, 0.027668246999382973, 157673.578125, 121439.515625, 157802.8125, 151391.703125, 144040.46875, 162530.59375, 41327.0, 41043.0, 37699.0, 47554.0, 1.1477270126342773, -1.3896045684814453, 1.2119312286376953, -4.502996444702148, 2.2262868881225586, 32766.0
472606, 1.1427210569381714, -1.3954170942306519, 1.2127686738967896, 0.00986254308372736, -0.13252465426921844, 0.0264319758862257, 157673.578125, 121439.515625, 157802.8125, 151397.921875, 144041.15625, 162533.09375, 41172.0, 41290.0, 37791.0, 47334.0, 1.1483430862426758, -1.3916130065917969, 1.2124195098876953, -4.588567733764648, 2.1202142238616943, 100.0
472627, 1.1436817646026611, -1.397850751876831, 1.213294506072998, 0.005072465632110834, -0.13540953397750854, 0.024630019441246986, 157673.578125, 121439.515625, 157802.8125, 151386.109375, 144042.921875, 162538.625, 39993.0, 41381.0, 38922.0, 47333.0, 1.149496078491211, -1.3939075469970703, 1.2131729125976562, -4.629122734069824, 2.080585241317749, 100.0
472646, 1.1447893381118774, -1.4000672101974487, 1.2137562036514282, 0.001830077264457941, -0.13752028346061707, 0.021167267113924026, 157673.578125, 121439.515625, 157802.8125, 151396.046875, 144050.953125, 162533.625, 39548.0, 41658.0, 39349.0, 47151.0, 1.1503887176513672, -1.396514892578125, 1.213582992553711, -4.701871395111084, 2.0030364990234375, 100.0
472666, 1.1457602977752686, -1.4023396968841553, 1.2141194343566895, -0.0014344447990879416, -0.13939344882965088, 0.015558343380689621, 157673.578125, 121439.515625, 157802.8125, 151392.953125, 144047.140625, 162542.578125, 40069.0, 41369.0, 38698.0, 47574.0, 1.1509895324707031, -1.3981342315673828, 1.2140541076660156, -4.774806022644043, 1.9499777555465698, 103.0
472686, 1.1464154720306396, -1.404731273651123, 1.2143574953079224, -0.005353941582143307, -0.14142107963562012, 0.010385211557149887, 157673.578125, 121439.515625, 157802.8125, 151393.5625, 144046.75, 162533.625, 40402.0, 41204.0, 38153.0, 48076.0, 1.151784896850586, -1.4011306762695312, 1.2142810821533203, -4.855259895324707, 1.8780579566955566, 103.0
472706, 1.147201657295227, -1.4070873260498047, 1.2144296169281006, -0.008166796527802944, -0.14310422539710999, 0.0034773971419781446, 157673.578125, 121439.515625, 157802.8125, 151397.921875, 144055.171875, 162545.078125, 41109.0, 41436.0, 37228.0, 48237.0, 1.152216911315918, -1.4029884338378906, 1.2139873504638672, -4.9559807777404785, 1.763777732849121, 103.0
472727, 1.1476463079452515, -1.4097906351089478, 1.2144114971160889, -0.011958240531384945, -0.14582525193691254, -0.0011243699118494987, 157673.578125, 121439.515625, 157802.8125, 151388.59375, 144044.296875, 162546.65625, 40996.0, 41975.0, 37550.0, 48256.0, 1.1526784896850586, -1.4055767059326172, 1.2141189575195312, -5.0820512771606445, 1.6222933530807495, 101.0
472746, 1.1481966972351074, -1.4126132726669312, 1.214292049407959, -0.014878994785249233, -0.14871710538864136, -0.00433672359213233, 157673.578125, 121439.515625, 157802.8125, 151396.671875, 144048.5, 162549.15625, 40474.0, 42509.0, 38180.0, 48053.0, 1.1529827117919922, -1.4078445434570312, 1.2142276763916016, -5.209609031677246, 1.4571799039840698, 101.0
472766, 1.1485148668289185, -1.4151962995529175, 1.214163899421692, -0.01752852089703083, -0.15129341185092926, -0.007126166019588709, 157673.578125, 121439.515625, 157802.8125, 151405.375, 144055.859375, 162546.125, 40632.0, 42030.0, 38085.0, 48539.0, 1.1534557342529297, -1.4104156494140625, 1.2142906188964844, -5.323952674865723, 1.3273252248764038, 101.0
472787, 1.1489609479904175, -1.4177215099334717, 1.214007019996643, -0.019272472709417343, -0.15339858829975128, -0.009068286046385765, 157673.578125, 121439.515625, 157802.8125, 151384.25, 144058.3125, 162548.625, 40169.0, 41856.0, 36962.0, 49795.0, 1.1537246704101562, -1.4133625030517578, 1.2141838073730469, -5.420930862426758, 1.243512749671936, 108.0
472806, 1.1493301391601562, -1.420265793800354, 1.2138268947601318, -0.020938849076628685, -0.1552179902791977, -0.01030115969479084, 157673.578125, 121439.515625, 157802.8125, 151401.015625, 144056.546875, 162555.59375, 39480.0, 42274.0, 37680.0, 49632.0, 1.153738021850586, -1.4154777526855469, 1.214071273803711, -5.509265422821045, 1.1950997114181519, 108.0
472827, 1.1494277715682983, -1.4229822158813477, 1.2136117219924927, -0.023503955453634262, -0.15752862393856049, -0.011374927125871181, 157673.578125, 121439.515625, 157802.8125, 151398.53125, 144056.546875, 162549.15625, 39953.0, 43578.0, 36818.0, 48981.0, 1.153839111328125, -1.4181022644042969, 1.2139816284179688, -5.606574058532715, 1.1977496147155762, 103.0
472846, 1.1496310234069824, -1.4257466793060303, 1.213393211364746, -0.02577751874923706, -0.15936487913131714, -0.009542577899992466, 157673.578125, 121439.515625, 157802.8125, 151393.5625, 144061.4375, 162544.15625, 38798.0, 43634.0, 39428.0, 48097.0, 1.1541061401367188, -1.4204730987548828, 1.213582992553711, -5.7243571281433105, 1.2040458917617798, 103.0
472867, 1.1500178575515747, -1.42691969871521, 1.2133337259292603, -0.025886720046401024, -0.15894591808319092, -0.009396669454872608, 157673.578125, 121439.515625, 157802.8125, 151391.078125, 144064.96875, 162554.15625, 37535.0, 43474.0, 40308.0, 48561.0, 1.1539764404296875, -1.4229488372802734, 1.2136650085449219, -5.872032642364502, 1.2207276821136475, 103.0
472886, 1.1498767137527466, -1.4300110340118408, 1.2131294012069702, -0.029322169721126556, -0.16092446446418762, -0.008301216177642345, 157673.578125, 121439.515625, 157802.8125, 151389.21875, 144059.671875, 162557.1875, 39125.0, 42680.0, 38390.0, 49387.0, 1.153860092163086, -1.4258499145507812, 1.2132148742675781, -6.048037052154541, 1.2430227994918823, 100.0
472906, 1.1498593091964722, -1.4326781034469604, 1.2130372524261475, -0.031958021223545074, -0.160827174782753, -0.006745757069438696, 157673.578125, 121439.515625, 157802.8125, 151391.078125, 144055.46875, 162561.125, 39187.0, 42768.0, 37712.0, 49473.0, 1.153763771057129, -1.427713394165039, 1.2134151458740234, -6.145153045654297, 1.2431771755218506, 100.0
472927, 1.1496607065200806, -1.4353301525115967, 1.2129484415054321, -0.034871432930231094, -0.16097724437713623, -0.00568712642416358, 157673.578125, 121439.515625, 157802.8125, 151405.984375, 144059.671875, 162559.6875, 37923.0, 43982.0, 38876.0, 48546.0, 1.1536016464233398, -1.4304981231689453, 1.2131786346435547, -6.403163433074951, 1.211087703704834, 100.0
472946, 1.149518370628357, -1.4378349781036377, 1.2128760814666748, -0.03727361932396889, -0.16029955446720123, -0.004791447427123785, 157673.578125, 121439.515625, 157802.8125, 151387.34375, 144068.796875, 162566.65625, 37773.0, 43671.0, 38776.0, 48904.0, 1.1532411575317383, -1.432565689086914, 1.2128658294677734, -6.569363117218018, 1.1635106801986694, 32766.0
472966, 1.1490600109100342, -1.4408594369888306, 1.2128881216049194, -0.04069054499268532, -0.16072337329387665, -0.000376521929865703, 157673.578125, 121439.515625, 157802.8125, 151394.1875, 144067.03125, 162567.1875, 37353.0, 43486.0, 39014.0, 49103.0, 1.152848243713379, -1.435049057006836, 1.213338851928711, -6.658297538757324, 1.1355701684951782, 32766.0
472986, 1.1488052606582642, -1.4431593418121338, 1.212931752204895, -0.04269145429134369, -0.15890683233737946, 0.0006950036040507257, 157673.578125, 121439.515625, 157802.8125, 151396.671875, 144062.125, 162566.65625, 41955.0, 41751.0, 33425.0, 50709.0, 1.1523704528808594, -1.4377193450927734, 1.2130374908447266, -6.823580265045166, 1.078977346420288, 32766.0
473006, 1.1484345197677612, -1.445432186126709, 1.2130154371261597, -0.04503954201936722, -0.15614266693592072, 0.001798961660824716, 157673.578125, 121439.515625, 157802.8125, 151393.5625, 144069.484375, 162557.1875, 39177.0, 40320.0, 35933.0, 51510.0, 1.1520891189575195, -1.4393749237060547, 1.2133960723876953, -7.006586074829102, 1.1273959875106812, 102.0
473026, 1.1477998495101929, -1.4479995965957642, 1.213104248046875, -0.04852735996246338, -0.1516573429107666, 0.003417643252760172, 157673.578125, 121439.515625, 157802.8125, 151382.984375, 144067.03125, 162568.234375, 36838.0, 42389.0, 37790.0, 50515.0, 1.1513948440551758, -1.4417266845703125, 1.2132682800292969, -7.216294288635254, 1.3935747146606445, 102.0
473046, 1.147274136543274, -1.4498711824417114, 1.2131658792495728, -0.05241959169507027, -0.14254741370677948, 0.003552972339093685, 157673.578125, 121439.515625, 157802.8125, 151394.796875, 144059.0, 162584.15625, 30832.0, 46456.0, 39360.0, 49690.0, 1.1507205963134766, -1.4432334899902344, 1.2129173278808594, -7.4222917556762695, 1.849882960319519, 99.0
473066, 1.1464704275131226, -1.4518427848815918, 1.2132318019866943, -0.05860263481736183, -0.13243164122104645, 0.003854186972603202, 157673.578125, 121439.515625, 157802.8125, 151401.640625, 144067.03125, 162572.703125, 35291.0, 44940.0, 38613.0, 48946.0, 1.149862289428711, -1.4451980590820312, 1.2132244110107422, -7.6112260818481445, 2.441013813018799, 99.0
473086, 1.1456007957458496, -1.4532901048660278, 1.213215708732605, -0.06658092141151428, -0.11953295022249222, 0.0027696203906089067, 157673.578125, 121439.515625, 157802.8125, 151404.734375, 144069.484375, 162567.703125, 36414.0, 44032.0, 37268.0, 49781.0, 1.1488666534423828, -1.4468994140625, 1.212961196899414, -7.792572021484375, 3.076526403427124, 99.0
473106, 1.1445735692977905, -1.4543979167938232, 1.2132073640823364, -0.0762244462966919, -0.10470873862504959, 0.003294475143775344, 157673.578125, 121439.515625, 157802.8125, 151389.828125, 144070.84375, 162576.65625, 36275.0, 42925.0, 37387.0, 50577.0, 1.1480417251586914, -1.4479560852050781, 1.2132568359375, -7.969651222229004, 3.65029239654541, 104.0
473127, 1.1431814432144165, -1.4555028676986694, 1.2132307291030884, -0.08780348300933838, -0.08981775492429733, 0.003962738439440727, 157673.578125, 121439.515625, 157802.8125, 151392.9375, 144079.28125, 162572.703125, 32324.0, 45298.0, 40716.0, 48883.0, 1.1464557647705078, -1.4488601684570312, 1.2129631042480469, -8.126961708068848, 4.091404438018799, 104.0
473146, 1.1415119171142578, -1.4560095071792603, 1.2132657766342163, -0.1009880006313324, -0.07161571830511093, 0.005239296704530716, 157673.578125, 121439.515625, 157802.8125, 151396.671875, 144070.84375, 162567.703125, 33327.0, 45340.0, 39794.0, 48889.0, 1.1452770233154297, -1.4493579864501953, 1.2130260467529297, -8.284943580627441, 4.409398555755615, 104.0
473167, 1.139565348625183, -1.4563615322113037, 1.2134137153625488, -0.11436371505260468, -0.05463523045182228, 0.005463138688355684, 157673.578125, 121439.515625, 157802.8125, 151395.421875, 144075.0625, 162560.203125, 35456.0, 45130.0, 37822.0, 49021.0, 1.1433229446411133, -1.4495792388916016, 1.2141876220703125, -8.42995548248291, 4.595705986022949, 32766.0
473188, 1.1373863220214844, -1.4561280012130737, 1.2135201692581177, -0.12797245383262634, -0.03679576888680458, 0.0045895446091890335, 157673.578125, 121439.515625, 157802.8125, 151389.828125, 144082.015625, 162565.734375, 36653.0, 45522.0, 33726.0, 50304.0, 1.1406326293945312, -1.4499988555908203, 1.2136898040771484, -8.568292617797852, 4.694559574127197, 32766.0
473206, 1.1350414752960205, -1.4555115699768066, 1.213517427444458, -0.1412537544965744, -0.019217999652028084, 0.004730599001049995, 157673.578125, 121439.515625, 157802.8125, 151387.34375, 144088.6875, 162575.203125, 36475.0, 44959.0, 33563.0, 50893.0, 1.138925552368164, -1.4495964050292969, 1.2128486633300781, -8.709013938903809, 4.672880172729492, 32766.0
473228, 1.132291316986084, -1.4548618793487549, 1.213613748550415, -0.15455815196037292, -0.0037092368584126234, 0.0029690631199628115, 157673.578125, 121439.515625, 157802.8125, 151385.46875, 144091.140625, 162578.234375, 35036.0, 46066.0, 34313.0, 50453.0, 1.1359758377075195, -1.4488868713378906, 1.2134666442871094, -8.858868598937988, 4.545250415802002, 103.0
473246, 1.1291831731796265, -1.4536395072937012, 1.2137870788574219, -0.16788649559020996, 0.012739524245262146, 0.004777075722813606, 157673.578125, 121439.515625, 157802.8125, 151397.28125, 144080.65625, 162582.703125, 35890.0, 45019.0, 36113.0, 49881.0, 1.1330814361572266, -1.4480972290039062, 1.214273452758789, -9.022723197937012, 4.3011651039123535, 103.0
473266, 1.1260836124420166, -1.4521632194519043, 1.2139753103256226, -0.17905496060848236, 0.027428334578871727, 0.006334071513265371, 157673.578125, 121439.515625, 157802.8125, 151395.421875, 144083.109375, 162581.265625, 37336.0, 44897.0, 34181.0, 50085.0, 1.1302623748779297, -1.4472332000732422, 1.2141971588134766, -9.212157249450684, 3.932394504547119, 96.0
473286, 1.1226648092269897, -1.45072340965271, 1.2142435312271118, -0.18929290771484375, 0.03941090777516365, 0.007945581339299679, 157673.578125, 121439.515625, 157802.8125, 151395.421875, 144080.65625, 162583.234375, 38447.0, 45286.0, 27592.0, 52072.0, 1.1271142959594727, -1.4458503723144531, 1.2146682739257812, -9.414037704467773, 3.4875824451446533, 96.0
473306, 1.1208782196044922, -1.449502944946289, 1.214492678642273, -0.19362273812294006, 0.04666711762547493, 0.009055668488144875, 157673.578125, 121439.515625, 157802.8125, 151391.0625, 144083.109375, 162587.1875, 37512.0, 45557.0, 26207.0, 52732.0, 1.1245994567871094, -1.444732666015625, 1.2151622772216797, -9.665359497070312, 2.955869674682617, 96.0
473327, 1.1154524087905884, -1.4470089673995972, 1.2149150371551514, -0.2041252851486206, 0.05936387926340103, 0.010717939585447311, 157673.578125, 121439.515625, 157802.8125, 151392.9375, 144090.453125, 162573.765625, 35677.0, 44210.0, 33224.0, 51524.0, 1.1209964752197266, -1.4432868957519531, 1.2152042388916016, -9.94186019897461, 2.4266204833984375, 103.0
473346, 1.1118417978286743, -1.4449068307876587, 1.2153162956237793, -0.20866258442401886, 0.0673755407333374, 0.0122153852134943, 157673.578125, 121439.515625, 157802.8125, 151394.15625, 144083.78125, 162586.265625, 34641.0, 45551.0, 33534.0, 50911.0, 1.118229866027832, -1.4420452117919922, 1.2157516479492188, -10.230412483215332, 1.931205153465271, 103.0
473366, 1.1099494695663452, -1.4435741901397705, 1.2155078649520874, -0.21009506285190582, 0.0718948245048523, 0.012260215356945992, 157673.578125, 121439.515625, 157802.8125, 151391.0625, 144088.6875, 162578.765625, 34950.0, 45930.0, 32907.0, 50664.0, 1.1148319244384766, -1.4402389526367188, 1.2160720825195312, -10.536311149597168, 1.5306692123413086, 103.0
473386, 1.1059740781784058, -1.4412692785263062, 1.215877652168274, -0.21240684390068054, 0.07822024822235107, 0.010367702692747116, 157673.578125, 121439.515625, 157802.8125, 151391.671875, 144091.140625, 162590.734375, 35304.0, 45359.0, 31684.0, 51410.0, 1.111006736755371, -1.438375473022461, 1.2160930633544922, -10.847787857055664, 1.244863748550415, 32766.0
473406, 1.101858139038086, -1.4388917684555054, 1.2161158323287964, -0.21442583203315735, 0.0832451581954956, 0.008543753065168858, 157673.578125, 121439.515625, 157802.8125, 151383.609375, 144100.9375, 162585.734375, 34227.0, 44619.0, 32346.0, 52103.0, 1.1079559326171875, -1.4369945526123047, 1.216024398803711, -11.158960342407227, 1.0775492191314697, 32766.0
473426, 1.0979315042495728, -1.4367302656173706, 1.2162981033325195, -0.21569040417671204, 0.08674343675374985, 0.007392858620733023, 157673.578125, 121439.515625, 157802.8125, 151387.328125, 144098.484375, 162593.234375, 32122.0, 45244.0, 33970.0, 51962.0, 1.1045141220092773, -1.435079574584961, 1.2162227630615234, -11.315380096435547, 1.0364536046981812, 32766.0
473446, 1.0944621562957764, -1.434516429901123, 1.2163959741592407, -0.2155003696680069, 0.0904758870601654, 0.005673450883477926, 157673.578125, 121439.515625, 157802.8125, 151391.0625, 144096.03125, 162588.765625, 31391.0, 46127.0, 34499.0, 51476.0, 1.101698875427246, -1.4336509704589844, 1.2161064147949219, -11.597204208374023, 0.9578374028205872, 32766.0
473466, 1.090521216392517, -1.4322975873947144, 1.216493010520935, -0.21614056825637817, 0.09363242983818054, 0.0048172990791499615, 157673.578125, 121439.515625, 157802.8125, 151389.1875, 144094.28125, 162593.765625, 32671.0, 45147.0, 32895.0, 52299.0, 1.0980501174926758, -1.431741714477539, 1.2164058685302734, -11.87128734588623, 0.8426095247268677, 32766.0
473486, 1.0868356227874756, -1.4299802780151367, 1.2165240049362183, -0.21519674360752106, 0.09675967693328857, 0.0018623379291966558, 157673.578125, 121439.515625, 157802.8125, 151391.671875, 144097.125, 162596.796875, 34837.0, 45527.0, 30517.0, 52129.0, 1.094064712524414, -1.4296875, 1.2164287567138672, -12.149299621582031, 0.6579813957214355, 103.0
473506, 1.0835902690887451, -1.427889347076416, 1.2164435386657715, -0.21266186237335205, 0.09839367121458054, -0.001361305476166308, 157673.578125, 121439.515625, 157802.8125, 151396.640625, 144099.171875, 162587.3125, 33796.0, 45973.0, 27292.0, 53477.0, 1.0916252136230469, -1.428497314453125, 1.2162151336669922, -12.362102508544922, 0.42851316928863525, 103.0
473527, 1.0798321962356567, -1.425681471824646, 1.2163398265838623, -0.2106970101594925, 0.09938111901283264, -0.003790902905166149, 157673.578125, 121439.515625, 157802.8125, 151399.125, 144113.1875, 162600.734375, 33325.0, 46227.0, 28979.0, 53073.0, 1.0876884460449219, -1.4260673522949219, 1.2161235809326172, -12.544332504272461, 0.12500038743019104, 103.0
473546, 1.076454758644104, -1.4234825372695923, 1.21612548828125, -0.20649898052215576, 0.09955968707799911, -0.007065827492624521, 157673.578125, 121439.515625, 157802.8125, 151396.03125, 144101.625, 162589.28125, 32895.0, 46124.0, 30774.0, 52745.0, 1.0855607986450195, -1.424774169921875, 1.2160167694091797, -12.686291694641113, -0.1999020129442215, 32766.0
473566, 1.074921727180481, -1.4223695993423462, 1.215988039970398, -0.20324558019638062, 0.09922409802675247, -0.008664009161293507, 157673.578125, 121439.515625, 157802.8125, 151397.265625, 144106.53125, 162601.265625, 32871.0, 45634.0, 33952.0, 51917.0, 1.0817146301269531, -1.4228801727294922, 1.2159976959228516, -12.771677017211914, -0.4614570140838623, 32766.0
473586, 1.0717628002166748, -1.4203002452850342, 1.2156448364257812, -0.1975107043981552, 0.0982476994395256, -0.012154009193181992, 157673.578125, 121439.515625, 157802.8125, 151397.265625, 144115.640625, 162608.234375, 35289.0, 44412.0, 31963.0, 52561.0, 1.0783796310424805, -1.4208030700683594, 1.2151336669921875, -12.7900972366333, -0.580583930015564, 32766.0
473606, 1.0686713457107544, -1.418373703956604, 1.215300440788269, -0.19256973266601562, 0.09696450084447861, -0.015266824513673782, 157673.578125, 121439.515625, 157802.8125, 151399.125, 144114.5625, 162606.796875, 36674.0, 44232.0, 31122.0, 52554.0, 1.0757722854614258, -1.4191226959228516, 1.215250015258789, -12.75589656829834, -0.5991541743278503, 105.0
473626, 1.065670371055603, -1.4163962602615356, 1.2148109674453735, -0.1871495246887207, 0.0952618196606636, -0.019622143357992172, 157673.578125, 121439.515625, 157802.8125, 151396.640625, 144107.203125, 162599.8125, 34628.0, 46450.0, 34043.0, 50998.0, 1.0726404190063477, -1.4174365997314453, 1.2142620086669922, -12.65307903289795, -0.5125508904457092, 105.0
473646, 1.0630061626434326, -1.4146097898483276, 1.2142552137374878, -0.18194544315338135, 0.09303295612335205, -0.021739237010478973, 157673.578125, 121439.515625, 157802.8125, 151392.296875, 144125.4375, 162606.265625, 32749.0, 47300.0, 36517.0, 50321.0, 1.0703907012939453, -1.415914535522461, 1.2138538360595703, -12.53209114074707, -0.3811682164669037, 32766.0
473666, 1.0601848363876343, -1.4128613471984863, 1.2136987447738647, -0.1781907081604004, 0.09056448936462402, -0.02465793490409851, 157673.578125, 121439.515625, 157802.8125, 151389.8125, 144114.5625, 162592.3125, 34999.0, 45954.0, 34764.0, 51265.0, 1.067204475402832, -1.4140758514404297, 1.213409423828125, -12.382646560668945, -0.2592634856700897, 32766.0
473686, 1.0576039552688599, -1.411152958869934, 1.213114619255066, -0.1743590086698532, 0.08783476054668427, -0.02329433709383011, 157673.578125, 121439.515625, 157802.8125, 151397.875, 144117.015625, 162604.8125, 37386.0, 43622.0, 32716.0, 52641.0, 1.0642318725585938, -1.4122085571289062, 1.2130870819091797, -12.217891693115234, -0.18682914972305298, 32766.0
473706, 1.0549308061599731, -1.4095536470413208, 1.2126191854476929, -0.17127187550067902, 0.08463893830776215, -0.02186005190014839, 157673.578125, 121439.515625, 157802.8125, 151397.875, 144114.5625, 162610.34375, 37399.0, 43586.0, 32973.0, 52537.0, 1.0616121292114258, -1.4108543395996094, 1.2125511169433594, -12.126079559326172, -0.16836488246917725, 102.0
473726, 1.0524749755859375, -1.4080047607421875, 1.2121021747589111, -0.16794663667678833, 0.08142981678247452, -0.02114511840045452, 157673.578125, 121439.515625, 157802.8125, 151394.78125, 144117.703125, 162609.296875, 35826.0, 45130.0, 34857.0, 51528.0, 1.0589723587036133, -1.4091758728027344, 1.2121295928955078, -11.835956573486328, -0.059704579412937164, 102.0
473746, 1.0500612258911133, -1.4064935445785522, 1.2116907835006714, -0.16504336893558502, 0.07829567790031433, -0.019356949254870415, 157673.578125, 121439.515625, 157802.8125, 151395.390625, 144126.8125, 162602.3125, 34583.0, 45679.0, 36648.0, 50881.0, 1.0569496154785156, -1.4077644348144531, 1.2120857238769531, -11.614348411560059, 0.0803985670208931, 102.0
473766, 1.0474705696105957, -1.4050488471984863, 1.2113124132156372, -0.16338010132312775, 0.07529067993164062, -0.01677165925502777, 157673.578125, 121439.515625, 157802.8125, 151392.296875, 144125.046875, 162604.8125, 36004.0, 44866.0, 35590.0, 51227.0, 1.0536632537841797, -1.4061450958251953, 1.2112770080566406, -11.384600639343262, 0.26897671818733215, 103.0
473786, 1.0450140237808228, -1.403620958328247, 1.2109156847000122, -0.16214340925216675, 0.07264971733093262, -0.014637389220297337, 157673.578125, 121439.515625, 157802.8125, 151392.296875, 144132.390625, 162602.3125, 36293.0, 44580.0, 35701.0, 51144.0, 1.0509204864501953, -1.4044017791748047, 1.2107963562011719, -11.129281044006348, 0.4768235981464386, 103.0
473806, 1.0424469709396362, -1.4022672176361084, 1.2105761766433716, -0.16190698742866516, 0.07014951854944229, -0.01702929474413395, 157673.578125, 121439.515625, 157802.8125, 151395.390625, 144129.953125, 162606.390625, 36179.0, 44536.0, 36250.0, 50885.0, 1.0485429763793945, -1.4031200408935547, 1.2104835510253906, -10.847406387329102, 0.6877531409263611, 103.0
473826, 1.0399792194366455, -1.4009066820144653, 1.210174560546875, -0.1620652973651886, 0.06811238825321198, -0.019857408478856087, 157673.578125, 121439.515625, 157802.8125, 151405.328125, 144128.578125, 162612.3125, 35056.0, 45476.0, 37955.0, 50012.0, 1.0454530715942383, -1.4014720916748047, 1.2100257873535156, -10.545332908630371, 0.875182032585144, 96.0
473846, 1.0372908115386963, -1.3995944261550903, 1.2097338438034058, -0.16358830034732819, 0.06598129868507385, -0.01964336633682251, 157673.578125, 121439.515625, 157802.8125, 151386.6875, 144123.28125, 162612.84375, 36293.0, 45888.0, 37340.0, 49541.0, 1.0431394577026367, -1.4002761840820312, 1.2097396850585938, -10.23408317565918, 1.0202744007110596, 96.0
473867, 1.0347481966018677, -1.398316740989685, 1.2092900276184082, -0.16484986245632172, 0.0637877807021141, -0.020890405401587486, 157673.578125, 121439.515625, 157802.8125, 151391.03125, 144125.046875, 162613.375, 37749.0, 44383.0, 36415.0, 50405.0, 1.0401420593261719, -1.3988285064697266, 1.2094001770019531, -9.906085968017578, 1.091092824935913, 96.0
473886, 1.0320950746536255, -1.3970381021499634, 1.2088958024978638, -0.16677729785442352, 0.061510805040597916, -0.019583245739340782, 157673.578125, 121439.515625, 157802.8125, 151400.359375, 144134.84375, 162610.875, 39280.0, 43907.0, 35320.0, 50542.0, 1.0372447967529297, -1.3973541259765625, 1.2092170715332031, -9.56337833404541, 1.1033177375793457, 32766.0
473906, 1.0292576551437378, -1.3958646059036255, 1.2084852457046509, -0.16918756067752838, 0.05846591293811798, -0.018396738916635513, 157673.578125, 121439.515625, 157802.8125, 151397.265625, 144136.609375, 162617.84375, 38606.0, 44266.0, 36499.0, 50027.0, 1.0342626571655273, -1.3962078094482422, 1.2084293365478516, -9.209717750549316, 1.0830132961273193, 32766.0
473926, 1.026492953300476, -1.3946950435638428, 1.208214521408081, -0.17128360271453857, 0.05530257895588875, -0.013715379871428013, 157673.578125, 121439.515625, 157802.8125, 151386.0625, 144137.296875, 162603.375, 38341.0, 45024.0, 37354.0, 49293.0, 1.0313777923583984, -1.39483642578125, 1.2083740234375, -8.844568252563477, 1.0741972923278809, 32766.0
473946, 1.023210048675537, -1.3934520483016968, 1.2080405950546265, -0.17443224787712097, 0.051374904811382294, -0.008185649290680885, 157673.578125, 121439.515625, 157802.8125, 151388.546875, 144135.53125, 162615.875, 37853.0, 44674.0, 38132.0, 48989.0, 1.0286798477172852, -1.3936939239501953, 1.2086334228515625, -8.6404447555542, 1.0795583724975586, 32766.0
473966, 1.019897699356079, -1.392358422279358, 1.2079143524169922, -0.17782022058963776, 0.047433968633413315, -0.0029242627788335085, 157673.578125, 121439.515625, 157802.8125, 151400.359375, 144139.0625, 162615.34375, 38910.0, 43424.0, 37256.0, 49544.0, 1.0251140594482422, -1.3925209045410156, 1.2075767517089844, -8.231514930725098, 1.0993341207504272, 32766.0
473986, 1.0168200731277466, -1.391331434249878, 1.2080118656158447, -0.18020108342170715, 0.04367826133966446, 0.0029239270370453596, 157673.578125, 121439.515625, 157802.8125, 151393.515625, 144152.6875, 162621.796875, 38784.0, 42631.0, 37417.0, 49830.0, 1.0218610763549805, -1.3911685943603516, 1.2085628509521484, -7.838050365447998, 1.1604511737823486, 32766.0
474006, 1.0135945081710815, -1.3904049396514893, 1.2081570625305176, -0.183558851480484, 0.04045640304684639, 0.007124271709471941, 157673.578125, 121439.515625, 157802.8125, 151400.359375, 144140.4375, 162615.875, 38922.0, 42820.0, 37212.0, 49243.0, 1.0194330215454102, -1.3903484344482422, 1.208465576171875, -7.470033168792725, 1.2127854824066162, 32766.0
474026, 1.0105013847351074, -1.389520287513733, 1.208377718925476, -0.18620151281356812, 0.03739957511425018, 0.011171545833349228, 157673.578125, 121439.515625, 157802.8125, 151399.109375, 144137.984375, 162620.875, 38278.0, 43488.0, 37978.0, 48434.0, 1.0156831741333008, -1.3891429901123047, 1.208791732788086, -7.114436149597168, 1.2352710962295532, 32766.0
474046, 1.0073716640472412, -1.3886611461639404, 1.208677053451538, -0.1887093335390091, 0.03466201573610306, 0.013736867345869541, 157673.578125, 121439.515625, 157802.8125, 151396.0, 144136.21875, 162618.375, 41143.0, 40657.0, 41051.0, 46060.0, 1.0132246017456055, -1.3886280059814453, 1.2088699340820312, -6.7631049156188965, 1.228900671005249, 101.0
474066, 1.0039215087890625, -1.3878765106201172, 1.2089815139770508, -0.19204680621623993, 0.03174217417836189, 0.014072517864406109, 157673.578125, 121439.515625, 157802.8125, 151406.5625, 144150.234375, 162632.84375, 38668.0, 41917.0, 37880.0, 48974.0, 1.0092887878417969, -1.3873538970947266, 1.2089805603027344, -6.419307231903076, 1.1684147119522095, 101.0
474086, 1.0001673698425293, -1.3870147466659546, 1.2092905044555664, -0.1949337273836136, 0.028979018330574036, 0.014121771790087223, 157673.578125, 121439.515625, 157802.8125, 151396.625, 144141.125, 162625.34375, 39957.0, 41378.0, 36798.0, 49112.0, 1.0059213638305664, -1.3864402770996094, 1.209259033203125, -6.061460971832275, 1.076033115386963, 100.0
474106, 0.9963526129722595, -1.3861711025238037, 1.2095645666122437, -0.19730401039123535, 0.026515325531363487, 0.011921914294362068, 157673.578125, 121439.515625, 157802.8125, 151394.140625, 144138.671875, 162625.875, 39462.0, 41607.0, 37288.0, 48927.0, 1.0028715133666992, -1.3855609893798828, 1.209442138671875, -5.698350429534912, 0.9580432772636414, 100.0
474126, 0.9945979118347168, -1.3857383728027344, 1.2096837759017944, -0.1977800726890564, 0.025370774790644646, 0.011873715557157993, 157673.578125, 121439.515625, 157802.8125, 151400.359375, 144146.015625, 162623.890625, 38579.0, 42448.0, 38669.0, 48067.0, 0.9993219375610352, -1.3847904205322266, 1.2095451354980469, -5.346039772033691, 0.8704692125320435, 100.0
474146, 0.9912875294685364, -1.3850035667419434, 1.2098184823989868, -0.19857554137706757, 0.023373793810606003, 0.010117028839886189, 157673.578125, 121439.515625, 157802.8125, 151391.65625, 144145.328125, 162615.875, 38743.0, 42581.0, 38691.0, 47814.0, 0.9964666366577148, -1.3840141296386719, 1.209554672241211, -5.042252063751221, 0.8320030570030212, 103.0
474166, 0.9875874519348145, -1.3843309879302979, 1.2099690437316895, -0.20005013048648834, 0.021152351051568985, 0.008628400973975658, 157673.578125, 121439.515625, 157802.8125, 151402.84375, 144149.15625, 162621.390625, 38859.0, 42541.0, 38692.0, 47846.0, 0.9927692413330078, -1.383026123046875, 1.2095451354980469, -4.74896764755249, 0.8169053196907043, 103.0
474186, 0.9839810132980347, -1.3836573362350464, 1.2100907564163208, -0.20114538073539734, 0.019085872918367386, 0.008118284866213799, 157673.578125, 121439.515625, 157802.8125, 151404.078125, 144149.15625, 162630.875, 40306.0, 41507.0, 37491.0, 48450.0, 0.9901056289672852, -1.3826789855957031, 1.2100963592529297, -4.473052024841309, 0.8124034404754639, 103.0
474206, 0.9799352288246155, -1.3830384016036987, 1.2101722955703735, -0.20304566621780396, 0.01678203046321869, 0.005243150983005762, 157673.578125, 121439.515625, 157802.8125, 151403.46875, 144156.90625, 162621.390625, 40901.0, 41232.0, 36714.0, 48718.0, 0.985992431640625, -1.3816394805908203, 1.2096481323242188, -4.337316513061523, 0.8054522275924683, 103.0
474226, 0.9763889908790588, -1.382384181022644, 1.2101970911026, -0.20349299907684326, 0.01488733384758234, 0.004633056465536356, 157673.578125, 121439.515625, 157802.8125, 151399.109375, 144144.25, 162629.8125, 40408.0, 41511.0, 37343.0, 48602.0, 0.9825201034545898, -1.3808479309082031, 1.2097587585449219, -4.091829299926758, 0.7835948467254639, 103.0
474246, 0.9728527665138245, -1.3818591833114624, 1.2102593183517456, -0.2042875587940216, 0.012722705490887165, 0.0037893415428698063, 157673.578125, 121439.515625, 157802.8125, 151409.65625, 144152.6875, 162634.421875, 39187.0, 42270.0, 38695.0, 48009.0, 0.9796056747436523, -1.3802566528320312, 1.2101516723632812, -3.8945846557617188, 0.7245790362358093, 103.0
474266, 0.9694450497627258, -1.3812695741653442, 1.2102456092834473, -0.20441818237304688, 0.011004747822880745, 0.003477249527350068, 157673.578125, 121439.515625, 157802.8125, 151399.71875, 144156.5, 162631.390625, 39249.0, 42487.0, 38675.0, 47840.0, 0.9757862091064453, -1.3795928955078125, 1.209716796875, -3.7114336490631104, 0.6569912433624268, 32766.0
474286, 0.9660872220993042, -1.3806908130645752, 1.2103424072265625, -0.20408163964748383, 0.009578282944858074, 0.004810676444321871, 157673.578125, 121439.515625, 157802.8125, 151394.75, 144151.609375, 162631.390625, 39753.0, 42160.0, 38310.0, 47990.0, 0.9729909896850586, -1.3789863586425781, 1.2101516723632812, -3.5464909076690674, 0.5944876074790955, 32766.0
474306, 0.9625558257102966, -1.3802576065063477, 1.2103748321533203, -0.20421062409877777, 0.007741253823041916, 0.004444103688001633, 157673.578125, 121439.515625, 157802.8125, 151399.109375, 144162.484375, 162635.875, 40210.0, 42450.0, 37808.0, 47673.0, 0.9693822860717773, -1.378469467163086, 1.2098674774169922, -3.386049270629883, 0.5548709034919739, 32766.0
474326, 0.9592394828796387, -1.3797364234924316, 1.2104039192199707, -0.2034808248281479, 0.006443562917411327, 0.005775183904916048, 157673.578125, 121439.515625, 157802.8125, 151392.890625, 144161.40625, 162636.390625, 40293.0, 41724.0, 38032.0, 48027.0, 0.9653053283691406, -1.3779373168945312, 1.21002197265625, -3.2240583896636963, 0.5408281087875366, 102.0
474346, 0.9560039043426514, -1.3792613744735718, 1.2104781866073608, -0.2025095820426941, 0.005018642172217369, 0.007173480931669474, 157673.578125, 121439.515625, 157802.8125, 151409.046875, 144154.734375, 162636.390625, 40096.0, 41892.0, 38192.0, 47834.0, 0.9632101058959961, -1.3775272369384766, 1.2104244232177734, -3.057798147201538, 0.5557083487510681, 102.0
474367, 0.9526497721672058, -1.3787816762924194, 1.210530400276184, -0.20208574831485748, 0.0038893495220690966, 0.007803311571478844, 157673.578125, 121439.515625, 157802.8125, 151392.265625, 144170.515625, 162634.421875, 39710.0, 41980.0, 38770.0, 47540.0, 0.9589128494262695, -1.3768138885498047, 1.2099666595458984, -2.898221015930176, 0.5728058218955994, 99.0
474386, 0.9492936730384827, -1.3784494400024414, 1.210631251335144, -0.20160125195980072, 0.0023953572381287813, 0.007993842475116253, 157673.578125, 121439.515625, 157802.8125, 151397.234375, 144167.0, 162639.953125, 39378.0, 41882.0, 39202.0, 47490.0, 0.9556865692138672, -1.3765411376953125, 1.2104949951171875, -2.7406563758850098, 0.5840892791748047, 99.0
474406, 0.9458270072937012, -1.3781262636184692, 1.210714340209961, -0.20170608162879944, 0.0012943512992933393, 0.006715402938425541, 157673.578125, 121439.515625, 157802.8125, 151394.75, 144170.515625, 162637.453125, 40323.0, 41407.0, 38439.0, 47663.0, 0.9528417587280273, -1.3762626647949219, 1.2105388641357422, -2.5775389671325684, 0.5933123826980591, 99.0
474426, 0.942649245262146, -1.3777395486831665, 1.2106536626815796, -0.2006368339061737, 0.0006184634985402226, 0.005427761469036341, 157673.578125, 121439.515625, 157802.8125, 151402.203125, 144162.09375, 162642.453125, 40842.0, 40901.0, 38170.0, 47907.0, 0.9492168426513672, -1.3756656646728516, 1.2099246978759766, -2.406028985977173, 0.5880183577537537, 32766.0
474446, 0.939531683921814, -1.3773763179779053, 1.2106573581695557, -0.1993565410375595, -6.336897786241025e-05, 0.0031472539994865656, 157673.578125, 121439.515625, 157802.8125, 151402.203125, 144167.671875, 162644.953125, 41588.0, 41075.0, 37447.0, 47750.0, 0.9468116760253906, -1.3754100799560547, 1.2105598449707031, -2.236365795135498, 0.5649323463439941, 32766.0
474466, 0.9361151456832886, -1.377121090888977, 1.210579514503479, -0.19921541213989258, -0.0013112585293129086, 0.0003424003079999238, 157673.578125, 121439.515625, 157802.8125, 151404.6875, 144163.46875, 162640.46875, 41660.0, 40973.0, 37742.0, 47686.0, 0.9430179595947266, -1.3751335144042969, 1.209981918334961, -2.066009283065796, 0.5345475673675537, 32766.0
474486, 0.9330896139144897, -1.3768054246902466, 1.2103641033172607, -0.19740717113018036, -0.002341917250305414, -0.0008260770700871944, 157673.578125, 121439.515625, 157802.8125, 151394.75, 144164.546875, 162649.421875, 42460.0, 40053.0, 39870.0, 46384.0, 0.939427375793457, -1.374979019165039, 1.2095355987548828, -1.8951354026794434, 0.5063707828521729, 32766.0
474506, 0.929804801940918, -1.3766130208969116, 1.2102786302566528, -0.19685113430023193, -0.003813683521002531, -0.00045010479516349733, 157673.578125, 121439.515625, 157802.8125, 151397.859375, 144181.015625, 162642.453125, 40752.0, 41178.0, 39208.0, 47427.0, 0.9371986389160156, -1.3746891021728516, 1.2099723815917969, -1.739157795906067, 0.524057149887085, 32766.0
474526, 0.9267255067825317, -1.376358985900879, 1.210157036781311, -0.19575749337673187, -0.0048651848919689655, 0.000175529727130197, 157673.578125, 121439.515625, 157802.8125, 151402.828125, 144167.671875, 162637.96875, 40763.0, 41245.0, 39245.0, 47325.0, 0.9337234497070312, -1.3744487762451172, 1.2096061706542969, -1.5811705589294434, 0.5580872297286987, 32766.0
474546, 0.9237948060035706, -1.3761488199234009, 1.2099707126617432, -0.19413578510284424, -0.00584640447050333, 0.0002829238655976951, 157673.578125, 121439.515625, 157802.8125, 151400.34375, 144171.890625, 162644.421875, 41248.0, 40917.0, 38818.0, 47468.0, 0.9312105178833008, -1.374471664428711, 1.2094345092773438, -1.4303615093231201, 0.6080734729766846, 32766.0
474566, 0.9205701947212219, -1.376028299331665, 1.209913730621338, -0.19401167333126068, -0.006959986872971058, 0.000787163560744375, 157673.578125, 121439.515625, 157802.8125, 151399.71875, 144173.265625, 162654.953125, 40782.0, 41034.0, 39569.0, 47196.0, 0.9281005859375, -1.3740577697753906, 1.2096939086914062, -1.278172254562378, 0.650784432888031, 32766.0
474586, 0.9177734851837158, -1.3758872747421265, 1.209787130355835, -0.19232557713985443, -0.007705590222030878, -0.00016336064436472952, 157673.578125, 121439.515625, 157802.8125, 151395.984375, 144175.71875, 162644.421875, 41898.0, 40871.0, 38533.0, 47165.0, 0.9257192611694336, -1.3743610382080078, 1.209421157836914, -1.1196534633636475, 0.6856603622436523, 101.0
474607, 0.9149030447006226, -1.375785231590271, 1.2096155881881714, -0.1910664439201355, -0.008511303924024105, -0.0012682756641879678, 157673.578125, 121439.515625, 157802.8125, 151393.5, 144175.03125, 162652.453125, 41652.0, 41079.0, 38971.0, 46943.0, 0.922123908996582, -1.3741302490234375, 1.2084980010986328, -0.9622030854225159, 0.6860047578811646, 101.0
474626, 0.9119574427604675, -1.3757829666137695, 1.209530234336853, -0.1900918185710907, -0.009334798902273178, -0.000997010851278901, 157673.578125, 121439.515625, 157802.8125, 151397.859375, 144171.890625, 162649.953125, 41293.0, 40754.0, 39830.0, 47120.0, 0.9193315505981445, -1.3743705749511719, 1.2091255187988281, -0.8026626706123352, 0.6842532753944397, 101.0
474646, 0.909188985824585, -1.3757308721542358, 1.2093605995178223, -0.18859662115573883, -0.009588380344212055, -0.002434690948575735, 157673.578125, 121439.515625, 157802.8125, 151400.34375, 144173.265625, 162647.96875, 41316.0, 40221.0, 40073.0, 47306.0, 0.9167642593383789, -1.3742847442626953, 1.208913803100586, -0.6361774206161499, 0.682222306728363, 101.0
474666, 0.9060950875282288, -1.3757779598236084, 1.2091999053955078, -0.188503235578537, -0.009826687164604664, -0.004362811800092459, 157673.578125, 121439.515625, 157802.8125, 151407.796875, 144181.6875, 162652.453125, 41769.0, 40451.0, 40133.0, 46821.0, 0.913630485534668, -1.3744373321533203, 1.2087440490722656, -0.4505125880241394, 0.6876860857009888, 101.0
474686, 0.9034407734870911, -1.3757870197296143, 1.2089855670928955, -0.1867329627275467, -0.009621857665479183, -0.006491698324680328, 157673.578125, 121439.515625, 157802.8125, 151405.921875, 144179.921875, 162647.96875, 41908.0, 40702.0, 40593.0, 46293.0, 0.910675048828125, -1.3746395111083984, 1.2086639404296875, -0.23493021726608276, 0.7164811491966248, 101.0
474706, 0.9004231691360474, -1.3758714199066162, 1.208746075630188, -0.1867184340953827, -0.00953155942261219, -0.007728183642029762, 157673.578125, 121439.515625, 157802.8125, 151400.953125, 144180.609375, 162647.96875, 42244.0, 40387.0, 40615.0, 46377.0, 0.9082832336425781, -1.3748817443847656, 1.2082195281982422, 0.0018576083239167929, 0.7526493072509766, 32766.0
474726, 0.8977285623550415, -1.3759664297103882, 1.2084513902664185, -0.18558761477470398, -0.009538008831441402, -0.008176721632480621, 157673.578125, 121439.515625, 157802.8125, 151402.203125, 144183.0625, 162659.953125, 42699.0, 40300.0, 40658.0, 46137.0, 0.9050998687744141, -1.3751583099365234, 1.2080249786376953, 0.25066524744033813, 0.7957972884178162, 32766.0
474746, 0.8950465321540833, -1.3760807514190674, 1.208150863647461, -0.18464837968349457, -0.00956014171242714, -0.011389332823455334, 157673.578125, 121439.515625, 157802.8125, 151400.953125, 144185.515625, 162656.0, 42958.0, 39897.0, 40886.0, 46091.0, 0.90264892578125, -1.3753623962402344, 1.2079219818115234, 0.5177162289619446, 0.8537264466285706, 100.0
474766, 0.8920426368713379, -1.3762292861938477, 1.207843542098999, -0.185228630900383, -0.009790227748453617, -0.012377774342894554, 157673.578125, 121439.515625, 157802.8125, 151400.34375, 144190.421875, 162649.953125, 43072.0, 39888.0, 41232.0, 45947.0, 0.8997411727905273, -1.3755569458007812, 1.2077045440673828, 0.7997680902481079, 0.8981893658638, 100.0
474786, 0.889423131942749, -1.3763912916183472, 1.2075223922729492, -0.18440842628479004, -0.01024972926825285, -0.011323390528559685, 157673.578125, 121439.515625, 157802.8125, 151407.171875, 144187.96875, 162660.46875, 43540.0, 39747.0, 41180.0, 45783.0, 0.8974666595458984, -1.3757591247558594, 1.207183837890625, 1.08790922164917, 0.9388790130615234, 100.0
474806, 0.8864126801490784, -1.3765969276428223, 1.2071648836135864, -0.1851004660129547, -0.010846436023712158, -0.01475589256733656, 157673.578125, 121439.515625, 157802.8125, 151394.125, 144191.09375, 162662.453125, 43196.0, 39699.0, 41870.0, 45521.0, 0.893946647644043, -1.376089096069336, 1.2068138122558594, 1.3796322345733643, 0.9480736255645752, 103.0
474826, 0.8837330937385559, -1.3768378496170044, 1.206836462020874, -0.1847117692232132, -0.011677641421556473, -0.01344301737844944, 157673.578125, 121439.515625, 157802.8125, 151403.4375, 144187.28125, 162663.5, 43944.0, 39512.0, 41640.0, 45450.0, 0.891209602355957, -1.376485824584961, 1.2070388793945312, 1.6694369316101074, 0.9586237072944641, 103.0
474846, 0.881027102470398, -1.3771251440048218, 1.206541895866394, -0.1844400018453598, -0.012750661931931973, -0.012293446809053421, 157673.578125, 121439.515625, 157802.8125, 151400.953125, 144185.515625, 162670.46875, 44540.0, 39261.0, 41317.0, 45542.0, 0.8886117935180664, -1.3768329620361328, 1.2064876556396484, 1.9647307395935059, 0.9798852205276489, 103.0
474866, 0.8780100345611572, -1.3774633407592773, 1.2062616348266602, -0.18541289865970612, -0.014118639752268791, -0.01207729335874319, 157673.578125, 121439.515625, 157802.8125, 151403.4375, 144192.1875, 162666.0, 43864.0, 39360.0, 42300.0, 45218.0, 0.8858480453491211, -1.3774604797363281, 1.2065238952636719, 2.2571616172790527, 1.0108087062835693, 96.0
474886, 0.8752386569976807, -1.3778252601623535, 1.205981969833374, -0.18545763194561005, -0.015726495534181595, -0.01282436028122902, 157673.578125, 121439.515625, 157802.8125, 151405.921875, 144198.453125, 162671.0, 44311.0, 39500.0, 42173.0, 44810.0, 0.8830537796020508, -1.3774185180664062, 1.2060279846191406, 2.5420844554901123, 1.0279799699783325, 96.0
474906, 0.8721997141838074, -1.3782650232315063, 1.2057323455810547, -0.18654994666576385, -0.01772214286029339, -0.010417470708489418, 157673.578125, 121439.515625, 157802.8125, 151398.46875, 144189.328125, 162662.453125, 44452.0, 39434.0, 42377.0, 44631.0, 0.8797550201416016, -1.378255844116211, 1.2059345245361328, 2.828164577484131, 1.0337752103805542, 96.0
474926, 0.8694387674331665, -1.3787729740142822, 1.2054774761199951, -0.18641428649425507, -0.019916066899895668, -0.010929364711046219, 157673.578125, 121439.515625, 157802.8125, 151404.671875, 144200.90625, 162672.96875, 44831.0, 38625.0, 42223.0, 44932.0, 0.8765392303466797, -1.3789596557617188, 1.2055168151855469, 3.112424612045288, 1.0237760543823242, 98.0
474946, 0.8664103150367737, -1.3792859315872192, 1.2053594589233398, -0.18732132017612457, -0.02200411818921566, -0.008052485063672066, 157673.578125, 121439.515625, 157802.8125, 151394.125, 144202.671875, 162659.03125, 45237.0, 38256.0, 42029.0, 45057.0, 0.8743782043457031, -1.3793907165527344, 1.2062759399414062, 3.3917860984802246, 1.0048120021820068, 98.0
474966, 0.863555371761322, -1.379968523979187, 1.2052088975906372, -0.1874115765094757, -0.024782594293355942, -0.007273533847182989, 157673.578125, 121439.515625, 157802.8125, 151410.28125, 144196.6875, 162672.453125, 44586.0, 38311.0, 42921.0, 44678.0, 0.8707609176635742, -1.3802871704101562, 1.2051010131835938, 3.662440299987793, 0.9723134636878967, 98.0
474986, 0.8597747683525085, -1.3804806470870972, 1.205103874206543, -0.19063131511211395, -0.026451783254742622, -0.0036288751289248466, 157673.578125, 121439.515625, 157802.8125, 151404.046875, 144200.21875, 162665.078125, 42756.0, 42055.0, 44833.0, 41142.0, 0.8701868057250977, -1.3806629180908203, 1.2054557800292969, 3.9242000579833984, 0.9509939551353455, 32766.0
475006, 0.8559314608573914, -1.381028175354004, 1.2050626277923584, -0.1936512142419815, -0.02834644354879856, -0.0001398363965563476, 157673.578125, 121439.515625, 157802.8125, 151397.21875, 144208.9375, 162678.5, 44312.0, 40905.0, 43200.0, 42142.0, 0.8701868057250977, -1.3806629180908203, 1.2054557800292969, 4.164827346801758, 0.8800504803657532, 32766.0
475026, 0.8520346879959106, -1.3816170692443848, 1.2050721645355225, -0.19588036835193634, -0.03058861568570137, 0.0017640888690948486, 157673.578125, 121439.515625, 157802.8125, 151406.53125, 144211.390625, 162678.5, 44534.0, 39320.0, 42918.0, 43147.0, 0.8701868057250977, -1.3806629180908203, 1.2054557800292969, 4.3814873695373535, 0.612213671207428, 102.0
475046, 0.8481075763702393, -1.3822531700134277, 1.205103874206543, -0.1966068595647812, -0.033021800220012665, 0.0008009427110664546, 157673.578125, 121439.515625, 157802.8125, 151410.890625, 144205.125, 162669.03125, 45469.0, 37887.0, 41892.0, 44207.0, 0.8701868057250977, -1.3806629180908203, 1.2054557800292969, 4.590882301330566, 0.13578695058822632, 102.0
475066, 0.8441858887672424, -1.382936954498291, 1.2051092386245728, -0.19529438018798828, -0.0353214256465435, -0.0007005244260653853, 157673.578125, 121439.515625, 157802.8125, 151401.578125, 144215.609375, 162676.0, 45247.0, 36863.0, 42154.0, 45055.0, 0.8701868057250977, -1.3806629180908203, 1.2054557800292969, 4.781157970428467, -0.49891647696495056, 102.0
475086, 0.8403136134147644, -1.3836629390716553, 1.205100655555725, -0.19165277481079102, -0.03722203150391579, -0.0004519802751019597, 157673.578125, 121439.515625, 157802.8125, 151399.09375, 144211.78125, 162676.53125, 46126.0, 37054.0, 41291.0, 44851.0, 0.8701868057250977, -1.3806629180908203, 1.2054557800292969, 4.952385902404785, -1.1820893287658691, 101.0
475106, 0.8365359306335449, -1.3844228982925415, 1.205071210861206, -0.18584807217121124, -0.03874471038579941, -0.0024660155177116394, 157673.578125, 121439.515625, 157802.8125, 151404.671875, 144219.421875, 162674.03125, 46228.0, 37876.0, 41034.0, 44301.0, 0.8701868057250977, -1.3806629180908203, 1.2054557800292969, 5.098170280456543, -1.8283302783966064, 101.0
475126, 0.8328942060470581, -1.3852119445800781, 1.2049951553344727, -0.17809996008872986, -0.04014699533581734, -0.004834349732846022, 157673.578125, 121439.515625, 157802.8125, 151409.015625, 144227.171875, 162688.5, 45422.0, 38086.0, 41818.0, 44425.0, 0.8701868057250977, -1.3806629180908203, 1.2054557800292969, 5.204183101654053, -2.371992826461792, 101.0
475146, 0.8294249176979065, -1.386028528213501, 1.204906940460205, -0.16867473721504211, -0.04148928076028824, -0.004403277300298214, 157673.578125, 121439.515625, 157802.8125, 151405.28125, 144226.78125, 162679.546875, 45054.0, 38753.0, 42085.0, 44186.0, 0.8701868057250977, -1.3806629180908203, 1.2054557800292969, 5.267568111419678, -2.800955295562744, 100.0
475166, 0.8261542320251465, -1.386870265007019, 1.2047781944274902, -0.1582445353269577, -0.04266093671321869, -0.008193126879632473, 157673.578125, 121439.515625, 157802.8125, 151411.5, 144216.296875, 162688.5, 45273.0, 38386.0, 41526.0, 44744.0, 0.8701868057250977, -1.3806629180908203, 1.2054557800292969, 5.293087005615234, -3.14105486869812, 100.0
475186, 0.8231017589569092, -1.3877333402633667, 1.2045735120773315, -0.14694565534591675, -0.043619636446237564, -0.012898034416139126, 157673.578125, 121439.515625, 157802.8125, 151399.703125, 144219.421875, 162688.5, 44127.0, 37403.0, 39618.0, 43211.0, 0.8701868057250977, -1.3806629180908203, 1.2054557800292969, 5.275533676147461, -3.400926113128662, 100.0
475206, 0.8202812671661377, -1.3886137008666992, 1.2042632102966309, -0.1350010335445404, -0.04441619664430618, -0.01754811406135559, 157673.578125, 121439.515625, 157802.8125, 151413.375, 144211.390625, 162681.53125, 44321.0, 37321.0, 38865.0, 43324.0, 0.8701868057250977, -1.3806629180908203, 1.2054557800292969, 5.22808837890625, -3.5722811222076416, 32766.0
475226, 0.8177023530006409, -1.3895092010498047, 1.2038307189941406, -0.12292192131280899, -0.04513080418109894, -0.026609253138303757, 157673.578125, 121439.515625, 157802.8125, 151409.015625, 144216.96875, 162686.53125, 43461.0, 37862.0, 39475.0, 43283.0, 0.8701868057250977, -1.3806629180908203, 1.2054557800292969, 5.1424689292907715, -3.6798524856567383, 32766.0
475246, 0.8153647780418396, -1.3904181718826294, 1.2031900882720947, -0.11087843775749207, -0.045767370611429214, -0.03808043897151947, 157673.578125, 121439.515625, 157802.8125, 151409.015625, 144209.625, 162691.53125, 41720.0, 39326.0, 39216.0, 43470.0, 0.8701868057250977, -1.3806629180908203, 1.2054557800292969, 5.019866943359375, -3.6957290172576904, 32766.0
475266, 0.8132664561271667, -1.3913384675979614, 1.2023210525512695, -0.09893778711557388, -0.04625402390956879, -0.04802751913666725, 157673.578125, 121439.515625, 157802.8125, 151409.015625, 144222.5625, 162694.03125, 43295.0, 40055.0, 39769.0, 42936.0, 0.8701868057250977, -1.3806629180908203, 1.2054557800292969, 4.871201038360596, -3.615878105163574, 32766.0
475286, 0.8114022016525269, -1.3922672271728516, 1.2012523412704468, -0.08754880726337433, -0.04661456495523453, -0.05859247222542763, 157673.578125, 121439.515625, 157802.8125, 151407.15625, 144237.65625, 162689.546875, 43106.0, 40386.0, 40210.0, 43414.0, 0.8701868057250977, -1.3806629180908203, 1.2054557800292969, 4.696157455444336, -3.4307405948638916, 32766.0
475306, 0.8097590804100037, -1.3932018280029297, 1.199995756149292, -0.07688243687152863, -0.046845488250255585, -0.06731366366147995, 157673.578125, 121439.515625, 157802.8125, 151407.15625, 144245.015625, 162680.078125, 42872.0, 40348.0, 40532.0, 44207.0, 0.8701868057250977, -1.3806629180908203, 1.2054557800292969, 4.501402854919434, -3.164364814758301, 99.0
475326, 0.8083207607269287, -1.3941397666931152, 1.198582649230957, -0.067051462829113, -0.046939123421907425, -0.07353191822767258, 157673.578125, 121439.515625, 157802.8125, 151407.15625, 144241.484375, 162680.078125, 42468.0, 41448.0, 41063.0, 44088.0, 0.8701868057250977, -1.3806629180908203, 1.2054557800292969, 4.281620502471924, -2.8669135570526123, 99.0
475346, 0.8070681095123291, -1.3950783014297485, 1.197029948234558, -0.05832575634121895, -0.04691349342465401, -0.08181024342775345, 157673.578125, 121439.515625, 157802.8125, 151404.671875, 144229.21875, 162682.046875, 39794.0, 44121.0, 39800.0, 45582.0, 0.8701868057250977, -1.3806629180908203, 1.2054557800292969, 4.042749404907227, -2.5748066902160645, 99.0
475366, 0.8059817552566528, -1.39601469039917, 1.1953448057174683, -0.050385814160108566, -0.04669954255223274, -0.08616631478071213, 157673.578125, 121439.515625, 157802.8125, 151404.046875, 144232.359375, 162687.578125, 40272.0, 43866.0, 39325.0, 46703.0, 0.8701868057250977, -1.3806629180908203, 1.2054557800292969, 3.789865255355835, -2.306922197341919, 32766.0
475386, 0.805046558380127, -1.396944522857666, 1.1935744285583496, -0.043192628771066666, -0.04627013951539993, -0.09052257239818573, 157673.578125, 121439.515625, 157802.8125, 151412.125, 144227.453125, 162694.03125, 38873.0, 42785.0, 37078.0, 45925.0, 0.8701868057250977, -1.3806629180908203, 1.2054557800292969, 3.524291515350342, -2.1056482791900635, 32766.0
475406, 0.8042495846748352, -1.3978641033172607, 1.1917293071746826, -0.03659764677286148, -0.045690808445215225, -0.09505446255207062, 157673.578125, 121439.515625, 157802.8125, 151410.25, 144229.90625, 162692.578125, 39244.0, 42709.0, 35858.0, 46563.0, 0.8701868057250977, -1.3806629180908203, 1.2054557800292969, 3.242236852645874, -1.936956763267517, 32766.0
475426, 0.8035784363746643, -1.398770809173584, 1.1897553205490112, -0.03054879792034626, -0.0449671745300293, -0.1017361506819725, 157673.578125, 121439.515625, 157802.8125, 151406.53125, 144234.8125, 162692.578125, 39376.0, 42743.0, 35566.0, 47041.0, 0.8701868057250977, -1.3806629180908203, 1.2054557800292969, 2.949500799179077, -1.8025550842285156, 99.0
475446, 0.8030244708061218, -1.3996610641479492, 1.1876646280288696, -0.02489010989665985, -0.04404333606362343, -0.10735160857439041, 157673.578125, 121439.515625, 157802.8125, 151407.15625, 144234.125, 162694.03125, 38894.0, 43491.0, 35720.0, 47020.0, 0.8701868057250977, -1.3806629180908203, 1.2054557800292969, 2.6538054943084717, -1.6833070516586304, 99.0
475466, 0.8025789856910706, -1.4005311727523804, 1.185443639755249, -0.019718902185559273, -0.04296046495437622, -0.11517991870641708, 157673.578125, 121439.515625, 157802.8125, 151408.390625, 144234.8125, 162692.578125, 37940.0, 43997.0, 36587.0, 47387.0, 0.8701868057250977, -1.3806629180908203, 1.2054557800292969, 2.3445053100585938, -1.5440354347229004, 99.0
475486, 0.8022317290306091, -1.4013773202896118, 1.1830885410308838, -0.01509008463472128, -0.041637808084487915, -0.12057588994503021, 157673.578125, 121439.515625, 157802.8125, 151402.1875, 144239.03125, 162700.609375, 38022.0, 44663.0, 36268.0, 47619.0, 0.8701868057250977, -1.3806629180908203, 1.2054557800292969, 2.0263314247131348, -1.349170446395874, 99.0
475506, 0.8019692897796631, -1.402194619178772, 1.180609941482544, -0.011245844885706902, -0.040060583502054214, -0.12685343623161316, 157673.578125, 121439.515625, 157802.8125, 151400.9375, 144239.71875, 162702.578125, 37601.0, 45056.0, 36749.0, 47970.0, 0.8701868057250977, -1.3806629180908203, 1.2054557800292969, 1.7017850875854492, -1.1031639575958252, 99.0
475526, 0.801775336265564, -1.4029778242111206, 1.1780245304107666, -0.008251797407865524, -0.03824038431048393, -0.1311301738023758, 157673.578125, 121439.515625, 157802.8125, 151405.90625, 144242.84375, 162699.546875, 37367.0, 45680.0, 37086.0, 48151.0, 0.8701868057250977, -1.3806629180908203, 1.2054557800292969, 1.3721081018447876, -0.8323528170585632, 102.0
475546, 0.8016327023506165, -1.4037224054336548, 1.1753908395767212, -0.006112764589488506, -0.03619512915611267, -0.13235796988010406, 157673.578125, 121439.515625, 157802.8125, 151404.03125, 144239.03125, 162701.125, 40302.0, 43923.0, 39646.0, 46310.0, 0.8701868057250977, -1.3806629180908203, 1.2054557800292969, 1.0396370887756348, -0.5768068432807922, 102.0
475566, 0.8015244603157043, -1.4044244289398193, 1.172719955444336, -0.00480038532987237, -0.033980246633291245, -0.13514569401741028, 157673.578125, 121439.515625, 157802.8125, 151412.125, 144246.375, 162708.5, 37960.0, 46224.0, 36144.0, 48901.0, 0.8701868057250977, -1.3806629180908203, 1.2054557800292969, 0.7054961323738098, -0.3363391160964966, 102.0
475586, 0.8014360070228577, -1.4050804376602173, 1.1699992418289185, -0.004106324631720781, -0.03161017596721649, -0.13644735515117645, 157673.578125, 121439.515625, 157802.8125, 151410.25, 144243.53125, 162703.109375, 36439.0, 44841.0, 33872.0, 48477.0, 0.8701868057250977, -1.3806629180908203, 1.2054557800292969, 0.36182722449302673, -0.1672622114419937, 98.0
475606, 0.8013570308685303, -1.4056880474090576, 1.1672585010528564, -0.0038348932284861803, -0.029146471992135048, -0.1374174803495407, 157673.578125, 121439.515625, 157802.8125, 151406.515625, 144244.609375, 162705.609375, 37110.0, 44656.0, 32881.0, 49057.0, 0.8701868057250977, -1.3806629180908203, 1.2054557800292969, 0.01900045946240425, -0.05019398406147957, 98.0
475626, 0.8012812733650208, -1.4062461853027344, 1.1644850969314575, -0.003748091636225581, -0.026675766333937645, -0.14043165743350983, 157673.578125, 121439.515625, 157802.8125, 151417.09375, 144240.390625, 162696.125, 36326.0, 45535.0, 33184.0, 48359.0, 0.8701868057250977, -1.3806629180908203, 1.2054557800292969, -0.32181045413017273, -0.011846951209008694, 98.0
475646, 0.8012062907218933, -1.4067556858062744, 1.1616342067718506, -0.003745108610019088, -0.024279847741127014, -0.1446092277765274, 157673.578125, 121439.515625, 157802.8125, 151407.15625, 144244.609375, 162714.5625, 36469.0, 45406.0, 32972.0, 48884.0, 0.8701868057250977, -1.3806629180908203, 1.2054557800292969, -0.6659215092658997, 0.008607815019786358, 32766.0
475666, 0.8011312484741211, -1.4072186946868896, 1.1586682796478271, -0.003759060986340046, -0.022033847868442535, -0.1521734744310379, 157673.578125, 121439.515625, 157802.8125, 151410.25, 144252.65625, 162708.109375, 36545.0, 45633.0, 32938.0, 49120.0, 0.8701868057250977, -1.3806629180908203, 1.2054557800292969, -1.0041805505752563, 0.021437564864754677, 32766.0
475686, 0.8010554313659668, -1.4076370000839233, 1.155579924583435, -0.003828331595286727, -0.019799640402197838, -0.15695825219154358, 157673.578125, 121439.515625, 157802.8125, 151408.390625, 144255.09375, 162710.078125, 35982.0, 45996.0, 33979.0, 49400.0, 0.8701868057250977, -1.3806629180908203, 1.2054557800292969, -1.3372377157211304, 0.043721213936805725, 32766.0
475706, 0.8009769916534424, -1.4080100059509277, 1.1523844003677368, -0.00403413362801075, -0.01747649721801281, -0.16177165508270264, 157673.578125, 121439.515625, 157802.8125, 151408.390625, 144261.765625, 162713.109375, 35789.0, 46468.0, 34555.0, 49312.0, 0.8701868057250977, -1.3806629180908203, 1.2054557800292969, -1.6570535898208618, 0.0981764867901802, 32766.0
475726, 0.8008922934532166, -1.4083353281021118, 1.149117112159729, -0.004465286619961262, -0.015049830079078674, -0.1649787575006485, 157673.578125, 121439.515625, 157802.8125, 151408.390625, 144257.546875, 162705.609375, 35802.0, 46398.0, 34715.0, 49796.0, 0.8701868057250977, -1.3806629180908203, 1.2054557800292969, -1.9696131944656372, 0.17547209560871124, 32766.0
475746, 0.8007960319519043, -1.4086112976074219, 1.1458123922348022, -0.005186267197132111, -0.01254163309931755, -0.1656472235918045, 157673.578125, 121439.515625, 157802.8125, 151411.484375, 144260.6875, 162713.109375, 36196.0, 46693.0, 34408.0, 50133.0, 0.8701868057250977, -1.3806629180908203, 1.2054557800292969, -2.28273606300354, 0.2600879669189453, 98.0
475766, 0.8006833791732788, -1.4088367223739624, 1.1424959897994995, -0.006099959835410118, -0.009998226538300514, -0.16566485166549683, 157673.578125, 121439.515625, 157802.8125, 151405.90625, 144264.90625, 162714.5625, 36057.0, 47192.0, 34691.0, 50169.0, 0.8701868057250977, -1.3806629180908203, 1.2054557800292969, -2.5901005268096924, 0.3160589933395386, 98.0
475786, 0.8005510568618774, -1.4090107679367065, 1.1391910314559937, -0.007125744130462408, -0.007397268898785114, -0.16494348645210266, 157673.578125, 121439.515625, 157802.8125, 151411.484375, 144263.828125, 162717.578125, 34778.0, 45749.0, 32570.0, 49511.0, 0.8701868057250977, -1.3806629180908203, 1.2054557800292969, -2.8884754180908203, 0.3384195864200592, 98.0
475806, 0.8003984093666077, -1.4091322422027588, 1.1359013319015503, -0.008130138739943504, -0.004760149400681257, -0.16422498226165771, 157673.578125, 121439.515625, 157802.8125, 151415.84375, 144267.359375, 162718.625, 35676.0, 44677.0, 32031.0, 50148.0, 0.8701868057250977, -1.3806629180908203, 1.2054557800292969, -3.1645944118499756, 0.33388349413871765, 98.0
475826, 0.8002270460128784, -1.4092016220092773, 1.1325992345809937, -0.008992657996714115, -0.0021876732353121042, -0.166402667760849, 157673.578125, 121439.515625, 157802.8125, 151413.96875, 144272.9375, 162716.125, 35661.0, 45328.0, 31998.0, 49548.0, 0.8701868057250977, -1.3806629180908203, 1.2054557800292969, -3.4288198947906494, 0.29403164982795715, 98.0
475846, 0.8000399470329285, -1.4092209339141846, 1.1292357444763184, -0.009691791608929634, 0.00023750183754600585, -0.17023350298404694, 157673.578125, 121439.515625, 157802.8125, 151413.96875, 144260.0, 162710.609375, 35070.0, 45814.0, 33135.0, 49264.0, 0.8701868057250977, -1.3806629180908203, 1.2054557800292969, -3.6742117404937744, 0.23954518139362335, 98.0
475866, 0.7998405694961548, -1.4091932773590088, 1.1257820129394531, -0.010226303711533546, 0.0025196268688887358, -0.17490309476852417, 157673.578125, 121439.515625, 157802.8125, 151416.453125, 144262.0625, 162716.125, 35073.0, 45665.0, 33827.0, 49472.0, 0.8701868057250977, -1.3806629180908203, 1.2054557800292969, -3.904653310775757, 0.19264152646064758, 99.0
475886, 0.7996315956115723, -1.4091205596923828, 1.1222373247146606, -0.01065529603511095, 0.004755191504955292, -0.17954084277153015, 157673.578125, 121439.515625, 157802.8125, 151417.0625, 144269.796875, 162723.109375, 35687.0, 45419.0, 34208.0, 49637.0, 0.8701868057250977, -1.3806629180908203, 1.2054557800292969, -4.106115818023682, 0.1679549217224121, 99.0
475906, 0.7994145154953003, -1.4090031385421753, 1.1186188459396362, -0.011056269519031048, 0.006981304381042719, -0.18254168331623077, 157673.578125, 121439.515625, 157802.8125, 151415.84375, 144271.171875, 162716.65625, 36739.0, 45387.0, 33897.0, 49942.0, 0.8701868057250977, -1.3806629180908203, 1.2054557800292969, -4.287193298339844, 0.17221076786518097, 99.0
475926, 0.7991891503334045, -1.408841609954834, 1.1149370670318604, -0.011497811414301395, 0.009161467663943768, -0.18552041053771973, 157673.578125, 121439.515625, 157802.8125, 151409.625, 144278.53125, 162728.109375, 35754.0, 46082.0, 35518.0, 49720.0, 0.8701868057250977, -1.3806629180908203, 1.2054557800292969, -4.456806182861328, 0.18973276019096375, 105.0
475946, 0.7989537119865417, -1.4086371660232544, 1.1111878156661987, -0.012047830037772655, 0.011275430209934711, -0.18948502838611603, 157673.578125, 121439.515625, 157802.8125, 151417.0625, 144279.609375, 162724.15625, 36748.0, 46299.0, 35210.0, 49634.0, 0.8701868057250977, -1.3806629180908203, 1.2054557800292969, -4.612792015075684, 0.21929824352264404, 105.0
475966, 0.7987067699432373, -1.4083912372589111, 1.1073845624923706, -0.012653887271881104, 0.013314757496118546, -0.18995577096939087, 157673.578125, 121439.515625, 157802.8125, 151418.9375, 144277.15625, 162726.125, 37099.0, 46405.0, 35620.0, 49849.0, 0.8701868057250977, -1.3806629180908203, 1.2054557800292969, -4.7532057762146, 0.22818918526172638, 101.0
475986, 0.7984474897384644, -1.4081050157546997, 1.10360586643219, -0.01325203012675047, 0.01530515681952238, -0.18775397539138794, 157673.578125, 121439.515625, 157802.8125, 151415.203125, 144273.625, 162719.15625, 36015.0, 44703.0, 33695.0, 49226.0, 0.8701868057250977, -1.3806629180908203, 1.2054557800292969, -4.876735210418701, 0.2111271321773529, 101.0
476006, 0.7981777191162109, -1.4077799320220947, 1.0998514890670776, -0.013710560277104378, 0.0171965304762125, -0.18836010992527008, 157673.578125, 121439.515625, 157802.8125, 151421.421875, 144276.75, 162726.125, 36944.0, 44300.0, 32770.0, 49328.0, 0.8701868057250977, -1.3806629180908203, 1.2054557800292969, -4.990732192993164, 0.17330537736415863, 101.0
476026, 0.7979007959365845, -1.4074180126190186, 1.096065878868103, -0.013954391703009605, 0.01898014172911644, -0.1901797652244568, 157673.578125, 121439.515625, 157802.8125, 151416.453125, 144282.734375, 162721.65625, 36810.0, 44615.0, 33459.0, 48948.0, 0.8701868057250977, -1.3806629180908203, 1.2054557800292969, -5.087625026702881, 0.1001577377319336, 32766.0
476046, 0.797620952129364, -1.40702223777771, 1.092247724533081, -0.01401461847126484, 0.020564865320920944, -0.1915326565504074, 157673.578125, 121439.515625, 157802.8125, 151420.171875, 144272.9375, 162725.609375, 37136.0, 44060.0, 34078.0, 49246.0, 0.8701868057250977, -1.3806629180908203, 1.2054557800292969, -5.165947914123535, 0.045828454196453094, 32766.0
476066, 0.7973418235778809, -1.4065971374511719, 1.0883902311325073, -0.013878111727535725, 0.021915247663855553, -0.1947106420993805, 157673.578125, 121439.515625, 157802.8125, 151417.6875, 144282.734375, 162729.15625, 37297.0, 44697.0, 34681.0, 48712.0, 0.8701868057250977, -1.3806629180908203, 1.2054557800292969, -5.217468738555908, -0.0169236958026886, 32766.0
476086, 0.7970666289329529, -1.4061468839645386, 1.0844507217407227, -0.013627517968416214, 0.023087719455361366, -0.19932636618614197, 157673.578125, 121439.515625, 157802.8125, 151431.96875, 144280.96875, 162734.6875, 37486.0, 44665.0, 35650.0, 48753.0, 0.8701868057250977, -1.3806629180908203, 1.2054557800292969, -5.249587535858154, -0.05146711692214012, 99.0
476106, 0.7967973351478577, -1.4056743383407593, 1.0804425477981567, -0.013295678421854973, 0.024153834208846092, -0.2013704627752304, 157673.578125, 121439.515625, 157802.8125, 151417.6875, 144287.640625, 162729.15625, 37697.0, 44573.0, 36583.0, 48741.0, 0.8701868057250977, -1.3806629180908203, 1.2054557800292969, -5.257356643676758, -0.07299044728279114, 99.0
476126, 0.7965349555015564, -1.4051820039749146, 1.0763893127441406, -0.012940103188157082, 0.02505953423678875, -0.2035898119211197, 157673.578125, 121439.515625, 157802.8125, 151420.171875, 144280.96875, 162736.125, 38864.0, 44494.0, 36482.0, 48804.0, 0.8701868057250977, -1.3806629180908203, 1.2054557800292969, -5.24409818649292, -0.0852857157588005, 99.0
476146, 0.7962798476219177, -1.4046732187271118, 1.0723087787628174, -0.012584434822201729, 0.025801708921790123, -0.2045828104019165, 157673.578125, 121439.515625, 157802.8125, 151429.484375, 144282.34375, 162733.625, 39426.0, 43885.0, 36660.0, 49499.0, 0.8701868057250977, -1.3806629180908203, 1.2054557800292969, -5.214460849761963, -0.07772006094455719, 32766.0
476166, 0.7960314154624939, -1.4041508436203003, 1.0682262182235718, -0.012266837060451508, 0.026425732299685478, -0.20361514389514923, 157673.578125, 121439.515625, 157802.8125, 151429.484375, 144284.109375, 162736.125, 38984.0, 44903.0, 37986.0, 48634.0, 0.8701868057250977, -1.3806629180908203, 1.2054557800292969, -5.1695122718811035, -0.07102327793836594, 32766.0
476186, 0.7957887649536133, -1.4036169052124023, 1.0641590356826782, -0.011991111561655998, 0.026960644870996475, -0.20260833203792572, 157673.578125, 121439.515625, 157802.8125, 151422.65625, 144285.1875, 162729.6875, 37500.0, 43507.0, 36947.0, 47355.0, 0.8701868057250977, -1.3806629180908203, 1.2054557800292969, -5.110952854156494, -0.07111804932355881, 32766.0
476206, 0.7955517768859863, -1.4030733108520508, 1.060092568397522, -0.011706436984241009, 0.02737423963844776, -0.20460592210292816, 157673.578125, 121439.515625, 157802.8125, 151425.140625, 144280.96875, 162746.65625, 38045.0, 43460.0, 37042.0, 47477.0, 0.8701868057250977, -1.3806629180908203, 1.2054557800292969, -5.032619476318359, -0.07578793168067932, 32766.0
476226, 0.7953205108642578, -1.4025232791900635, 1.0559879541397095, -0.011419970542192459, 0.027609070762991905, -0.2059393972158432, 157673.578125, 121439.515625, 157802.8125, 151431.96875, 144285.875, 162735.203125, 39327.0, 42465.0, 36071.0, 47741.0, 0.8701868057250977, -1.3806629180908203, 1.2054557800292969, -4.949677467346191, -0.0811445340514183, 32766.0
476246, 0.7950950860977173, -1.401970386505127, 1.0518327951431274, -0.01112450659275055, 0.02765737846493721, -0.20968736708164215, 157673.578125, 121439.515625, 157802.8125, 151431.359375, 144285.875, 162727.703125, 38908.0, 42377.0, 37493.0, 47635.0, 0.8701868057250977, -1.3806629180908203, 1.2054557800292969, -4.845088958740234, -0.08679510653018951, 104.0
476266, 0.7948753833770752, -1.401417851448059, 1.047598123550415, -0.010849296115338802, 0.027580270543694496, -0.21358349919319153, 157673.578125, 121439.515625, 157802.8125, 151436.9375, 144288.609375, 162737.1875, 39156.0, 42233.0, 38376.0, 47787.0, 0.8701868057250977, -1.3806629180908203, 1.2054557800292969, -4.72709321975708, -0.08237498998641968, 104.0
476286, 0.7946609258651733, -1.4008680582046509, 1.0433045625686646, -0.010608965530991554, 0.027379389852285385, -0.2163630872964859, 157673.578125, 121439.515625, 157802.8125, 151430.109375, 144290.78125, 162735.203125, 39739.0, 42876.0, 39030.0, 47049.0, 0.8701868057250977, -1.3806629180908203, 1.2054557800292969, -4.579819202423096, -0.07011692970991135, 104.0
476306, 0.7944503426551819, -1.4003233909606934, 1.0389611721038818, -0.01045528706163168, 0.027058323845267296, -0.21738000214099884, 157673.578125, 121439.515625, 157802.8125, 151430.109375, 144284.796875, 162740.203125, 39812.0, 43041.0, 39793.0, 47124.0, 0.8701868057250977, -1.3806629180908203, 1.2054557800292969, -4.427053451538086, -0.047311048954725266, 96.0
476326, 0.7942413687705994, -1.3997867107391357, 1.034609079360962, -0.010454230010509491, 0.02658797986805439, -0.2177017629146576, 157673.578125, 121439.515625, 157802.8125, 151433.203125, 144298.125, 162740.203125, 39784.0, 43490.0, 40634.0, 46667.0, 0.8701868057250977, -1.3806629180908203, 1.2054557800292969, -4.260364532470703, -0.0037511622067540884, 96.0
476346, 0.7940306663513184, -1.3992608785629272, 1.0302435159683228, -0.010641426779329777, 0.02598189190030098, -0.21848714351654053, 157673.578125, 121439.515625, 157802.8125, 151440.65625, 144283.71875, 162742.1875, 41440.0, 42609.0, 39843.0, 47450.0, 0.8701868057250977, -1.3806629180908203, 1.2054557800292969, -4.087089538574219, 0.05598391592502594, 96.0
476366, 0.793814480304718, -1.3987481594085693, 1.0258833169937134, -0.011004556901752949, 0.025293497368693352, -0.21744543313980103, 157673.578125, 121439.515625, 157802.8125, 151433.203125, 144292.140625, 162752.1875, 41869.0, 42536.0, 40155.0, 47692.0, 0.8701868057250977, -1.3806629180908203, 1.2054557800292969, -3.9036083221435547, 0.10710887610912323, 32766.0
476386, 0.7935894727706909, -1.3982493877410889, 1.0215814113616943, -0.011511577293276787, 0.02458348125219345, -0.2126898318529129, 157673.578125, 121439.515625, 157802.8125, 151431.34375, 144297.046875, 162751.65625, 40817.0, 41040.0, 38772.0, 46398.0, 0.8701868057250977, -1.3806629180908203, 1.2054557800292969, -3.715797185897827, 0.1415787637233734, 32766.0
476406, 0.7933536171913147, -1.3977649211883545, 1.0173428058624268, -0.012068613432347775, 0.023865167051553726, -0.21144931018352509, 157673.578125, 121439.515625, 157802.8125, 151435.6875, 144287.921875, 162745.203125, 39977.0, 41437.0, 39915.0, 45800.0, 0.8701868057250977, -1.3806629180908203, 1.2054557800292969, -3.519209861755371, 0.1485811322927475, 104.0
476426, 0.793106734752655, -1.3972949981689453, 1.013108253479004, -0.012614713050425053, 0.023108389228582382, -0.21196652948856354, 157673.578125, 121439.515625, 157802.8125, 151433.203125, 144284.796875, 162742.703125, 40699.0, 41341.0, 39364.0, 45474.0, 0.8701868057250977, -1.3806629180908203, 1.2054557800292969, -3.3213019371032715, 0.14225177466869354, 104.0
476446, 0.7928494811058044, -1.3968414068222046, 1.0088821649551392, -0.013093470595777035, 0.02223614603281021, -0.21148477494716644, 157673.578125, 121439.515625, 157802.8125, 151436.3125, 144296.359375, 162747.1875, 41359.0, 40815.0, 39360.0, 45855.0, 0.8701868057250977, -1.3806629180908203, 1.2054557800292969, -3.1165273189544678, 0.1174384281039238, 104.0
476466, 0.792583703994751, -1.3964060544967651, 1.0046446323394775, -0.013483596965670586, 0.02128557488322258, -0.21178539097309113, 157673.578125, 121439.515625, 157802.8125, 151442.53125, 144299.5, 162747.703125, 42074.0, 40086.0, 39455.0, 46401.0, 0.8701868057250977, -1.3806629180908203, 1.2054557800292969, -2.904163122177124, 0.0975092425942421, 100.0
476486, 0.7923107743263245, -1.3959897756576538, 1.000390887260437, -0.01381177082657814, 0.02033146284520626, -0.2132866531610489, 157673.578125, 121439.515625, 157802.8125, 151437.5625, 144294.59375, 162745.203125, 42173.0, 40071.0, 40310.0, 46146.0, 0.8701868057250977, -1.3806629180908203, 1.2054557800292969, -2.679377794265747, 0.08503865450620651, 100.0
476506, 0.7920316457748413, -1.3955923318862915, 0.9961141347885132, -0.014100638218224049, 0.019420530647039413, -0.21512125432491302, 157673.578125, 121439.515625, 157802.8125, 151434.4375, 144290.375, 162757.1875, 41602.0, 41164.0, 41735.0, 45357.0, 0.8701868057250977, -1.3806629180908203, 1.2054557800292969, -2.442838668823242, 0.07461404800415039, 100.0
476526, 0.7917464971542358, -1.3952127695083618, 0.9917942881584167, -0.014414851553738117, 0.018516970798373222, -0.2158263772726059, 157673.578125, 121439.515625, 157802.8125, 151430.71875, 144301.953125, 162755.203125, 42475.0, 41584.0, 41566.0, 45231.0, 0.8701868057250977, -1.3806629180908203, 1.2054557800292969, -2.2050490379333496, 0.08228357881307602, 101.0
476546, 0.7914546132087708, -1.3948522806167603, 0.9874916076660156, -0.014789126813411713, 0.017524100840091705, -0.21406158804893494, 157673.578125, 121439.515625, 157802.8125, 151438.171875, 144301.953125, 162755.203125, 43129.0, 40922.0, 41508.0, 45825.0, 0.8701868057250977, -1.3806629180908203, 1.2054557800292969, -1.9698091745376587, 0.10579049587249756, 101.0
476566, 0.7911545038223267, -1.3945121765136719, 0.9832392334938049, -0.015231643803417683, 0.01648525334894657, -0.21120412647724152, 157673.578125, 121439.515625, 157802.8125, 151436.3125, 144312.4375, 162747.703125, 42764.0, 40429.0, 42279.0, 46298.0, 0.8701868057250977, -1.3806629180908203, 1.2054557800292969, -1.7372573614120483, 0.12359722703695297, 101.0
476586, 0.7908446788787842, -1.3941928148269653, 0.9790494441986084, -0.015773221850395203, 0.015461926348507404, -0.207882359623909, 157673.578125, 121439.515625, 157802.8125, 151441.28125, 144293.515625, 162753.234375, 42240.0, 39110.0, 40381.0, 44851.0, 0.8701868057250977, -1.3806629180908203, 1.2054557800292969, -1.5002217292785645, 0.16025696694850922, 101.0
476606, 0.7905232906341553, -1.3938932418823242, 0.974895179271698, -0.01636396162211895, 0.014483415521681309, -0.2074163258075714, 157673.578125, 121439.515625, 157802.8125, 151445.015625, 144299.5, 162752.703125, 41663.0, 39432.0, 40485.0, 44598.0, 0.8701868057250977, -1.3806629180908203, 1.2054557800292969, -1.277091383934021, 0.16578975319862366, 101.0
476626, 0.7901905179023743, -1.3936134576797485, 0.9707605838775635, -0.016899051144719124, 0.013505041599273682, -0.20606569945812225, 157673.578125, 121439.515625, 157802.8125, 151443.140625, 144309.296875, 162748.75, 41690.0, 39490.0, 40652.0, 44593.0, 0.8701868057250977, -1.3806629180908203, 1.2054557800292969, -1.0678644180297852, 0.14181187748908997, 32766.0
476646, 0.7898483276367188, -1.393352746963501, 0.9666092395782471, -0.0172959603369236, 0.012574099004268646, -0.20959527790546417, 157673.578125, 121439.515625, 157802.8125, 151445.625, 144307.53125, 162748.75, 42212.0, 39404.0, 40471.0, 44722.0, 0.8701868057250977, -1.3806629180908203, 1.2054557800292969, -0.8669288754463196, 0.10290191322565079, 32766.0
476666, 0.7894996404647827, -1.3931101560592651, 0.9623650908470154, -0.017552096396684647, 0.011676618829369545, -0.2136807143688202, 157673.578125, 121439.515625, 157802.8125, 151440.65625, 144307.9375, 162757.703125, 42483.0, 39505.0, 40874.0, 44966.0, 0.8701868057250977, -1.3806629180908203, 1.2054557800292969, -0.6578899621963501, 0.06127940118312836, 32766.0
476686, 0.7891474366188049, -1.3928858041763306, 0.9580723643302917, -0.017654385417699814, 0.010757271200418472, -0.21604809165000916, 157673.578125, 121439.515625, 157802.8125, 151448.109375, 144304.0, 162762.703125, 42621.0, 39660.0, 40967.0, 45385.0, 0.8701868057250977, -1.3806629180908203, 1.2054557800292969, -0.46242374181747437, 0.020749617367982864, 101.0
476706, 0.7887941002845764, -1.3926796913146973, 0.9537118673324585, -0.017676562070846558, 0.00986933708190918, -0.22032880783081055, 157673.578125, 121439.515625, 157802.8125, 151441.28125, 144313.125, 162768.234375, 42460.0, 40400.0, 41970.0, 44934.0, 0.8701868057250977, -1.3806629180908203, 1.2054557800292969, -0.2738640010356903, 0.005007178522646427, 101.0
476726, 0.7884402275085449, -1.3924906253814697, 0.9492977857589722, -0.017710335552692413, 0.009049818851053715, -0.21994200348854065, 157673.578125, 121439.515625, 157802.8125, 151443.765625, 144312.4375, 162763.234375, 42709.0, 40360.0, 41979.0, 45535.0, 0.8701868057250977, -1.3806629180908203, 1.2054557800292969, -0.0908602848649025, 0.009277816861867905, 101.0
476746, 0.7880855798721313, -1.3923171758651733, 0.9449147582054138, -0.017763355746865273, 0.008307707495987415, -0.2183646410703659, 157673.578125, 121439.515625, 157802.8125, 151441.28125, 144303.3125, 162758.234375, 43125.0, 40759.0, 41838.0, 45692.0, 0.8701868057250977, -1.3806629180908203, 1.2054557800292969, 0.07528402656316757, 0.02193518541753292, 32766.0
476766, 0.787729024887085, -1.3921582698822021, 0.9405701160430908, -0.017909498885273933, 0.0075745838694274426, -0.21639566123485565, 157673.578125, 121439.515625, 157802.8125, 151443.765625, 144314.890625, 162770.734375, 43084.0, 41619.0, 41720.0, 45547.0, 0.8701868057250977, -1.3806629180908203, 1.2054557800292969, 0.22796456515789032, 0.05130341276526451, 32766.0
476786, 0.7873689532279968, -1.3920146226882935, 0.9362806081771851, -0.018093077465891838, 0.006786528043448925, -0.21184056997299194, 157673.578125, 121439.515625, 157802.8125, 151438.796875, 144311.75, 162760.734375, 41584.0, 39747.0, 40407.0, 44998.0, 0.8701868057250977, -1.3806629180908203, 1.2054557800292969, 0.3556123375892639, 0.053101275116205215, 32766.0
476806, 0.7870054244995117, -1.3918861150741577, 0.9320637583732605, -0.018248461186885834, 0.006069948896765709, -0.21051925420761108, 157673.578125, 121439.515625, 157802.8125, 151441.28125, 144306.453125, 162765.203125, 41379.0, 39806.0, 40660.0, 45084.0, 0.8701868057250977, -1.3806629180908203, 1.2054557800292969, 0.476690411567688, 0.04366645961999893, 104.0
476826, 0.7866394519805908, -1.3917709589004517, 0.9278432726860046, -0.018336772918701172, 0.005462593398988247, -0.21185052394866943, 157673.578125, 121439.515625, 157802.8125, 151442.5, 144319.78125, 162768.234375, 41730.0, 39795.0, 39931.0, 45126.0, 0.8701868057250977, -1.3806629180908203, 1.2054557800292969, 0.5859014987945557, 0.022017259150743484, 104.0
476846, 0.7862727642059326, -1.3916674852371216, 0.9236077666282654, -0.018312592059373856, 0.004892865661531687, -0.2121218591928482, 157673.578125, 121439.515625, 157802.8125, 151443.765625, 144319.78125, 162764.28125, 41659.0, 40315.0, 39908.0, 45115.0, 0.8701868057250977, -1.3806629180908203, 1.2054557800292969, 0.6809067130088806, -0.014508290216326714, 101.0
476866, 0.7859075665473938, -1.391575574874878, 0.9193450808525085, -0.018196387216448784, 0.004286564886569977, -0.21421854197978973, 157673.578125, 121439.515625, 157802.8125, 151439.40625, 144319.78125, 162759.8125, 41687.0, 40971.0, 39792.0, 45126.0, 0.8701868057250977, -1.3806629180908203, 1.2054557800292969, 0.7562892436981201, -0.037585850805044174, 101.0
476886, 0.7855453491210938, -1.3914967775344849, 0.9150428771972656, -0.018023643642663956, 0.003599534509703517, -0.21587863564491272, 157673.578125, 121439.515625, 157802.8125, 151446.859375, 144320.46875, 162778.765625, 41762.0, 40932.0, 39904.0, 45835.0, 0.8701868057250977, -1.3806629180908203, 1.2054557800292969, 0.8180379271507263, -0.04798005148768425, 101.0
476906, 0.7851866483688354, -1.391431450843811, 0.9107081294059753, -0.017857715487480164, 0.0029319918248802423, -0.21777351200580597, 157673.578125, 121439.515625, 157802.8125, 151441.28125, 144322.234375, 162765.734375, 41666.0, 41061.0, 40351.0, 46255.0, 0.8701868057250977, -1.3806629180908203, 1.2054557800292969, 0.8687704801559448, -0.04095786437392235, 32766.0
476926, 0.7848311066627502, -1.3913789987564087, 0.9063402414321899, -0.017697550356388092, 0.0023233769461512566, -0.21835733950138092, 157673.578125, 121439.515625, 157802.8125, 151451.828125, 144317.328125, 162769.28125, 41361.0, 41590.0, 40847.0, 46291.0, 0.8701868057250977, -1.3806629180908203, 1.2054557800292969, 0.911014974117279, -0.0438285768032074, 32766.0
476946, 0.784478485584259, -1.3913378715515137, 0.9020083546638489, -0.01756993494927883, 0.0018021705327555537, -0.21507678925991058, 157673.578125, 121439.515625, 157802.8125, 151449.34375, 144322.921875, 162771.265625, 41863.0, 41854.0, 40705.0, 46534.0, 0.8701868057250977, -1.3806629180908203, 1.2054557800292969, 0.9460501074790955, -0.03122815303504467, 32766.0
476966, 0.7841284275054932, -1.3913065195083618, 0.8977305889129639, -0.017432620748877525, 0.001336494693532586, -0.2133391797542572, 157673.578125, 121439.515625, 157802.8125, 151444.375, 144322.921875, 162769.28125, 42177.0, 42037.0, 40293.0, 46968.0, 0.8701868057250977, -1.3806629180908203, 1.2054557800292969, 0.9636248350143433, -0.03989953547716141, 102.0
476986, 0.7837815284729004, -1.3912848234176636, 0.8934850096702576, -0.017251411452889442, 0.000819722015876323, -0.210813507437706, 157673.578125, 121439.515625, 157802.8125, 151443.765625, 144318.703125, 162785.203125, 40203.0, 41149.0, 38828.0, 45876.0, 0.8701868057250977, -1.3806629180908203, 1.2054557800292969, 0.9659247398376465, -0.05257701873779297, 102.0
477006, 0.7834387421607971, -1.391274094581604, 0.889297604560852, -0.017020126804709435, 0.0002448774757795036, -0.20827655494213104, 157673.578125, 121439.515625, 157802.8125, 151444.984375, 144325.375, 162767.3125, 40446.0, 41066.0, 38133.0, 46146.0, 0.8701868057250977, -1.3806629180908203, 1.2054557800292969, 0.950641393661499, -0.06981409341096878, 102.0
477026, 0.7831017971038818, -1.3912748098373413, 0.8851222991943359, -0.016649466007947922, -0.0003255760238971561, -0.20956625044345856, 157673.578125, 121439.515625, 157802.8125, 151449.953125, 144324.6875, 162764.28125, 40127.0, 41187.0, 38166.0, 46145.0, 0.8701868057250977, -1.3806629180908203, 1.2054557800292969, 0.9238690733909607, -0.12340835481882095, 106.0
477046, 0.7827739715576172, -1.391286849975586, 0.8808901906013489, -0.01611655205488205, -0.0008785147219896317, -0.2137492299079895, 157673.578125, 121439.515625, 157802.8125, 151446.859375, 144327.828125, 162775.328125, 40395.0, 41271.0, 38208.0, 46344.0, 0.8701868057250977, -1.3806629180908203, 1.2054557800292969, 0.8935954570770264, -0.16820378601551056, 106.0
477066, 0.782458484172821, -1.3913097381591797, 0.8765887022018433, -0.015413942746818066, -0.001410044962540269, -0.216665118932724, 157673.578125, 121439.515625, 157802.8125, 151445.609375, 144319.390625, 162773.765625, 40441.0, 41902.0, 38526.0, 46464.0, 0.8701868057250977, -1.3806629180908203, 1.2054557800292969, 0.863281786441803, -0.21797223389148712, 32766.0
477086, 0.7821579575538635, -1.391343116760254, 0.8721933960914612, -0.014624827541410923, -0.0019248627359047532, -0.2225736677646637, 157673.578125, 121439.515625, 157802.8125, 151448.09375, 144340.765625, 162774.8125, 40340.0, 42418.0, 39119.0, 46521.0, 0.8701868057250977, -1.3806629180908203, 1.2054557800292969, 0.8275538086891174, -0.24491536617279053, 32766.0
477106, 0.7818739414215088, -1.3913865089416504, 0.8677093982696533, -0.013775401748716831, -0.002408865373581648, -0.22484852373600006, 157673.578125, 121439.515625, 157802.8125, 151455.546875, 144328.5, 162779.28125, 41035.0, 42378.0, 38619.0, 47217.0, 0.8701868057250977, -1.3806629180908203, 1.2054557800292969, 0.783843994140625, -0.2476179599761963, 32766.0
477126, 0.7816070914268494, -1.3914391994476318, 0.8632078766822815, -0.012924174778163433, -0.0028535742312669754, -0.22574861347675323, 157673.578125, 121439.515625, 157802.8125, 151444.984375, 144329.1875, 162776.78125, 40617.0, 42771.0, 39459.0, 47442.0, 0.8701868057250977, -1.3806629180908203, 1.2054557800292969, 0.7335776686668396, -0.24236199259757996, 102.0
477146, 0.7813568115234375, -1.3914997577667236, 0.8586980104446411, -0.012105798348784447, -0.0031904522329568863, -0.22545300424098969, 157673.578125, 121439.515625, 157802.8125, 151443.125, 144323.609375, 162776.78125, 41485.0, 43653.0, 38898.0, 47221.0, 0.8701868057250977, -1.3806629180908203, 1.2054557800292969, 0.6787856817245483, -0.23533308506011963, 102.0
477166, 0.7811225056648254, -1.3915657997131348, 0.8541919589042664, -0.011326709762215614, -0.0033984214533120394, -0.22429673373699188, 157673.578125, 121439.515625, 157802.8125, 151457.40625, 144331.640625, 162776.265625, 41133.0, 43249.0, 39607.0, 47810.0, 0.8701868057250977, -1.3806629180908203, 1.2054557800292969, 0.6269474625587463, -0.22195203602313995, 102.0
477186, 0.7809034585952759, -1.3916350603103638, 0.8497469425201416, -0.01057898998260498, -0.0035237367264926434, -0.2194988876581192, 157673.578125, 121439.515625, 157802.8125, 151456.1875, 144333.40625, 162774.8125, 40455.0, 41566.0, 37097.0, 47399.0, 0.8701868057250977, -1.3806629180908203, 1.2054557800292969, 0.566872775554657, -0.21019837260246277, 32766.0
477206, 0.7806998491287231, -1.3917064666748047, 0.8454015851020813, -0.009782999753952026, -0.00359770143404603, -0.2158402055501938, 157673.578125, 121439.515625, 157802.8125, 151452.4375, 144332.328125, 162779.8125, 39526.0, 41929.0, 37473.0, 47113.0, 0.8701868057250977, -1.3806629180908203, 1.2054557800292969, 0.4991547465324402, -0.2286604940891266, 32766.0
477226, 0.7805126309394836, -1.3917783498764038, 0.8410912156105042, -0.00891959946602583, -0.003579530632123351, -0.21481308341026306, 157673.578125, 121439.515625, 157802.8125, 151456.796875, 144338.3125, 162782.3125, 39344.0, 42320.0, 37495.0, 46945.0, 0.8701868057250977, -1.3806629180908203, 1.2054557800292969, 0.4231584072113037, -0.26193565130233765, 32766.0
477246, 0.780343234539032, -1.3918492794036865, 0.8367722630500793, -0.008007550612092018, -0.0035098763182759285, -0.21712277829647064, 157673.578125, 121439.515625, 157802.8125, 151445.609375, 144336.546875, 162782.828125, 39300.0, 42244.0, 37573.0, 47362.0, 0.8701868057250977, -1.3806629180908203, 1.2054557800292969, 0.34632042050361633, -0.2768259644508362, 32766.0
477266, 0.7801927924156189, -1.3919183015823364, 0.8323895335197449, -0.007034629583358765, -0.0033914411906152964, -0.22076813876628876, 157673.578125, 121439.515625, 157802.8125, 151455.546875, 144336.546875, 162779.28125, 40266.0, 42212.0, 36838.0, 47750.0, 0.8701868057250977, -1.3806629180908203, 1.2054557800292969, 0.2646566927433014, -0.2902025282382965, 32766.0
477286, 0.7800626158714294, -1.3919843435287476, 0.8279682993888855, -0.005987092386931181, -0.0032093406189233065, -0.22150401771068573, 157673.578125, 121439.515625, 157802.8125, 151444.984375, 144330.5625, 162781.78125, 39754.0, 42624.0, 37767.0, 47831.0, 0.8701868057250977, -1.3806629180908203, 1.2054557800292969, 0.18289855122566223, -0.3064519464969635, 32766.0
477306, 0.7799532413482666, -1.3920457363128662, 0.823539674282074, -0.004954562056809664, -0.0029151486232876778, -0.22118794918060303, 157673.578125, 121439.515625, 157802.8125, 151454.3125, 144339.0, 162785.859375, 39034.0, 43840.0, 38839.0, 47325.0, 0.8701868057250977, -1.3806629180908203, 1.2054557800292969, 0.09835037589073181, -0.29946625232696533, 32766.0
477326, 0.7798632979393005, -1.392100214958191, 0.8191138505935669, -0.0040423995815217495, -0.002511704107746482, -0.22048421204090118, 157673.578125, 121439.515625, 157802.8125, 151446.21875, 144347.03125, 162789.28125, 39459.0, 43878.0, 38870.0, 47635.0, 0.8701868057250977, -1.3806629180908203, 1.2054557800292969, 0.015673421323299408, -0.2628300189971924, 32766.0
477346, 0.7797902822494507, -1.3921457529067993, 0.8147121071815491, -0.0032867270056158304, -0.002034207107499242, -0.22025388479232788, 157673.578125, 121439.515625, 157802.8125, 151453.0625, 144339.671875, 162787.828125, 40614.0, 43093.0, 38074.0, 48421.0, 0.8701868057250977, -1.3806629180908203, 1.2054557800292969, -0.05894925817847252, -0.20663705468177795, 32766.0
477366, 0.7797309756278992, -1.3921812772750854, 0.8103232979774475, -0.0026724524796009064, -0.0015131711261346936, -0.21899007260799408, 157673.578125, 121439.515625, 157802.8125, 151453.0625, 144342.125, 162787.3125, 40442.0, 43473.0, 38729.0, 48468.0, 0.8701868057250977, -1.3806629180908203, 1.2054557800292969, -0.12923508882522583, -0.16258873045444489, 32766.0
477386, 0.7796822786331177, -1.3922061920166016, 0.8059591054916382, -0.0022215601056814194, -0.0009725877898745239, -0.21740972995758057, 157673.578125, 121439.515625, 157802.8125, 151456.15625, 144348.109375, 162787.828125, 38696.0, 42352.0, 37321.0, 47410.0, 0.8701868057250977, -1.3806629180908203, 1.2054557800292969, -0.2005690336227417, -0.11559869349002838, 32766.0
477406, 0.7796407341957092, -1.3922200202941895, 0.8016154766082764, -0.0019505070522427559, -0.0004084465326741338, -0.21715128421783447, 157673.578125, 121439.515625, 157802.8125, 151454.921875, 144342.8125, 162792.828125, 39038.0, 42519.0, 37179.0, 47470.0, 0.8701868057250977, -1.3806629180908203, 1.2054557800292969, -0.2729822099208832, -0.06767531484365463, 32766.0
477426, 0.7796033024787903, -1.3922219276428223, 0.7972582578659058, -0.001810471061617136, 0.0002172040840378031, -0.21900835633277893, 157673.578125, 121439.515625, 157802.8125, 151450.578125, 144339.671875, 162797.3125, 38893.0, 42485.0, 37134.0, 47265.0, 0.8701868057250977, -1.3806629180908203, 1.2054557800292969, -0.342237263917923, -0.027008002623915672, 32766.0
477446, 0.7795674800872803, -1.3922113180160522, 0.7928793430328369, -0.0017850870499387383, 0.0008312861900776625, -0.21896788477897644, 157673.578125, 121439.515625, 157802.8125, 151451.8125, 144340.359375, 162785.328125, 39616.0, 42656.0, 36983.0, 47454.0, 0.8701868057250977, -1.3806629180908203, 1.2054557800292969, -0.4071125388145447, 0.0017771096900105476, 32766.0
477466, 0.7795315980911255, -1.3921895027160645, 0.7884656190872192, -0.0018161677289754152, 0.0013282126747071743, -0.2222108244895935, 157673.578125, 121439.515625, 157802.8125, 151456.15625, 144350.15625, 162795.328125, 39809.0, 42971.0, 37067.0, 47453.0, 0.8701868057250977, -1.3806629180908203, 1.2054557800292969, -0.46861711144447327, 0.0179754588752985, 98.0
477486, 0.7794944047927856, -1.3921589851379395, 0.783984899520874, -0.00190616468898952, 0.0017217868007719517, -0.22650139033794403, 157673.578125, 121439.515625, 157802.8125, 151448.703125, 144340.359375, 162787.828125, 38909.0, 43317.0, 38643.0, 47582.0, 0.8701868057250977, -1.3806629180908203, 1.2054557800292969, -0.5260324478149414, 0.030958523973822594, 98.0
477506, 0.7794547080993652, -1.3921204805374146, 0.7794247269630432, -0.0020737312734127045, 0.002132039749994874, -0.22891806066036224, 157673.578125, 121439.515625, 157802.8125, 151456.15625, 144350.15625, 162792.828125, 38876.0, 43727.0, 39332.0, 47507.0, 0.8701868057250977, -1.3806629180908203, 1.2054557800292969, -0.5791333913803101, 0.05446602776646614, 104.0
477526, 0.7794105410575867, -1.3920729160308838, 0.7748138308525085, -0.002347176428884268, 0.0026373749133199453, -0.23168087005615234, 157673.578125, 121439.515625, 157802.8125, 151449.328125, 144354.375, 162800.328125, 40003.0, 43400.0, 38929.0, 48094.0, 0.8701868057250977, -1.3806629180908203, 1.2054557800292969, -0.6222581267356873, 0.08700506389141083, 104.0
477546, 0.7793598771095276, -1.3920143842697144, 0.7701773047447205, -0.002743328921496868, 0.0032298085279762745, -0.23082102835178375, 157673.578125, 121439.515625, 157802.8125, 151447.46875, 144356.828125, 162798.359375, 40244.0, 43672.0, 39285.0, 48320.0, 0.8701868057250977, -1.3806629180908203, 1.2054557800292969, -0.6572442054748535, 0.12927673757076263, 104.0
477566, 0.7792996764183044, -1.3919434547424316, 0.7656087279319763, -0.003295950125902891, 0.0038686806801706553, -0.22596533596515656, 157673.578125, 121439.515625, 157802.8125, 151453.0625, 144357.515625, 162798.359375, 40908.0, 43735.0, 39111.0, 48584.0, 0.8701868057250977, -1.3806629180908203, 1.2054557800292969, -0.6906362771987915, 0.16891039907932281, 96.0
477586, 0.7792274355888367, -1.3918596506118774, 0.7611408233642578, -0.003936651162803173, 0.00451247114688158, -0.2208516150712967, 157673.578125, 121439.515625, 157802.8125, 151449.328125, 144352.609375, 162805.328125, 38782.0, 42773.0, 37977.0, 47328.0, 0.8701868057250977, -1.3806629180908203, 1.2054557800292969, -0.7214796543121338, 0.1884770393371582, 96.0
477606, 0.7791422009468079, -1.3917629718780518, 0.7567574977874756, -0.0045811510644853115, 0.0051553333178162575, -0.21787041425704956, 157673.578125, 121439.515625, 157802.8125, 151456.15625, 144353.984375, 162809.8125, 38779.0, 42338.0, 37945.0, 47658.0, 0.8701868057250977, -1.3806629180908203, 1.2054557800292969, -0.7605161070823669, 0.18492767214775085, 96.0
477626, 0.7790446877479553, -1.3916534185409546, 0.7524296641349792, -0.005157089792191982, 0.0057981726713478565, -0.21571458876132965, 157673.578125, 121439.515625, 157802.8125, 151451.8125, 144354.375, 162800.859375, 38703.0, 42551.0, 37777.0, 47339.0, 0.8701868057250977, -1.3806629180908203, 1.2054557800292969, -0.7971317768096924, 0.16219010949134827, 97.0
477646, 0.7789368033409119, -1.3915315866470337, 0.7481063008308411, -0.005610007792711258, 0.006378948222845793, -0.21680745482444763, 157673.578125, 121439.515625, 157802.8125, 151460.515625, 144357.515625, 162800.859375, 39170.0, 42273.0, 37435.0, 47774.0, 0.8701868057250977, -1.3806629180908203, 1.2054557800292969, -0.8373252749443054, 0.12327535450458527, 97.0
477666, 0.7788212895393372, -1.3913987874984741, 0.7437484860420227, -0.005916980095207691, 0.0068936594761908054, -0.2184993475675583, 157673.578125, 121439.515625, 157802.8125, 151458.640625, 144355.0625, 162801.375, 39453.0, 42294.0, 37545.0, 47986.0, 0.8701868057250977, -1.3806629180908203, 1.2054557800292969, -0.8763284087181091, 0.08044754713773727, 97.0
477686, 0.7787011861801147, -1.391256332397461, 0.7393541932106018, -0.0060801743529737, 0.007337274495512247, -0.2208978235721588, 157673.578125, 121439.515625, 157802.8125, 151449.328125, 144352.609375, 162803.875, 39648.0, 42553.0, 37877.0, 48165.0, 0.8701868057250977, -1.3806629180908203, 1.2054557800292969, -0.9101852178573608, 0.042612362653017044, 32766.0
477706, 0.7785788178443909, -1.3911054134368896, 0.7349122166633606, -0.006157360505312681, 0.007750425022095442, -0.22344593703746796, 157673.578125, 121439.515625, 157802.8125, 151456.15625, 144359.96875, 162798.875, 40063.0, 42966.0, 37897.0, 48129.0, 0.8701868057250977, -1.3806629180908203, 1.2054557800292969, -0.9448527693748474, 0.02529483661055565, 32766.0
477726, 0.7784551978111267, -1.390946865081787, 0.7304481267929077, -0.006209556479007006, 0.008095991797745228, -0.22234545648097992, 157673.578125, 121439.515625, 157802.8125, 151453.671875, 144364.875, 162796.375, 39848.0, 43581.0, 38848.0, 47967.0, 0.8701868057250977, -1.3806629180908203, 1.2054557800292969, -0.9717239141464233, 0.017793765291571617, 32766.0
477746, 0.7783304452896118, -1.3907819986343384, 0.726017951965332, -0.006269540637731552, 0.008388602174818516, -0.22031617164611816, 157673.578125, 121439.515625, 157802.8125, 151453.671875, 144360.65625, 162808.359375, 39971.0, 43764.0, 39461.0, 47939.0, 0.8701868057250977, -1.3806629180908203, 1.2054557800292969, -0.9890140891075134, 0.017871035262942314, 32766.0
477766, 0.7782040238380432, -1.3906117677688599, 0.721635103225708, -0.006375432480126619, 0.008631409145891666, -0.21755348145961761, 157673.578125, 121439.515625, 157802.8125, 151449.328125, 144358.203125, 162805.859375, 40338.0, 43538.0, 39471.0, 48232.0, 0.8701868057250977, -1.3806629180908203, 1.2054557800292969, -0.9943657517433167, 0.03283032774925232, 32766.0
477786, 0.7780749797821045, -1.390437364578247, 0.7173371911048889, -0.0065356348641216755, 0.008797992020845413, -0.21265849471092224, 157673.578125, 121439.515625, 157802.8125, 151456.15625, 144358.203125, 162806.375, 39352.0, 41774.0, 37643.0, 47546.0, 0.8701868057250977, -1.3806629180908203, 1.2054557800292969, -0.9981495141983032, 0.049307551234960556, 101.0
477806, 0.7779425978660583, -1.3902602195739746, 0.7130997776985168, -0.006706853397190571, 0.008892274461686611, -0.21126078069210052, 157673.578125, 121439.515625, 157802.8125, 151456.15625, 144366.234375, 162805.859375, 40203.0, 41866.0, 36540.0, 47153.0, 0.8701868057250977, -1.3806629180908203, 1.2054557800292969, -0.9984522461891174, 0.053278226405382156, 101.0
477826, 0.7778069972991943, -1.390082597732544, 0.7088958621025085, -0.006853753235191107, 0.008855920284986496, -0.21009135246276855, 157673.578125, 121439.515625, 157802.8125, 151453.671875, 144370.453125, 162813.359375, 39673.0, 41128.0, 37283.0, 47759.0, 0.8701868057250977, -1.3806629180908203, 1.2054557800292969, -0.9971055388450623, 0.04339710250496864, 101.0
477846, 0.7776693105697632, -1.389906406402588, 0.704678475856781, -0.006898516323417425, 0.008764361962676048, -0.2116919457912445, 157673.578125, 121439.515625, 157802.8125, 151454.296875, 144363.09375, 162812.4375, 39036.0, 42079.0, 38298.0, 47142.0, 0.8701868057250977, -1.3806629180908203, 1.2054557800292969, -0.9943752884864807, 0.005065734963864088, 100.0
477866, 0.777531623840332, -1.3897321224212646, 0.7004102468490601, -0.0068522668443620205, 0.008663308806717396, -0.21482409536838531, 157673.578125, 121439.515625, 157802.8125, 151452.421875, 144371.140625, 162808.875, 39300.0, 42579.0, 38506.0, 46932.0, 0.8701868057250977, -1.3806629180908203, 1.2054557800292969, -0.9853825569152832, -0.022309694439172745, 100.0
477886, 0.7773953080177307, -1.3895596265792847, 0.6960844993591309, -0.0067671858705580235, 0.00859462283551693, -0.2177528738975525, 157673.578125, 121439.515625, 157802.8125, 151454.90625, 144371.140625, 162799.9375, 39494.0, 42306.0, 39015.0, 47486.0, 0.8701868057250977, -1.3806629180908203, 1.2054557800292969, -0.9736534357070923, -0.029623759910464287, 100.0
477906, 0.7772608995437622, -1.3893879652023315, 0.6917024850845337, -0.006678374949842691, 0.008584938012063503, -0.22054077684879303, 157673.578125, 121439.515625, 157802.8125, 151454.296875, 144362.015625, 162813.875, 40263.0, 41991.0, 38844.0, 47925.0, 0.8701868057250977, -1.3806629180908203, 1.2054557800292969, -0.9580916166305542, -0.024973120540380478, 104.0
477926, 0.7771279215812683, -1.3892159461975098, 0.6872779726982117, -0.0066439746879041195, 0.00861043855547905, -0.2215854674577713, 157673.578125, 121439.515625, 157802.8125, 151447.453125, 144377.8125, 162816.375, 40957.0, 42161.0, 39201.0, 47870.0, 0.8701868057250977, -1.3806629180908203, 1.2054557800292969, -0.9251618981361389, 0.0024326739367097616, 104.0
477946, 0.776994526386261, -1.389043927192688, 0.6828605532646179, -0.0067207226529717445, 0.008594164624810219, -0.21926668286323547, 157673.578125, 121439.515625, 157802.8125, 151454.90625, 144375.359375, 162823.359375, 40673.0, 42609.0, 40024.0, 47694.0, 0.8701868057250977, -1.3806629180908203, 1.2054557800292969, -0.8829085230827332, 0.034732017666101456, 32766.0
477966, 0.7768582105636597, -1.3888720273971558, 0.6785110831260681, -0.006923576816916466, 0.008594362996518612, -0.21527798473834991, 157673.578125, 121439.515625, 157802.8125, 151455.515625, 144371.140625, 162821.90625, 39662.0, 43538.0, 41588.0, 47085.0, 0.8701868057250977, -1.3806629180908203, 1.2054557800292969, -0.8359410166740417, 0.06401800364255905, 32766.0
477986, 0.7767167091369629, -1.3886996507644653, 0.6742452383041382, -0.00722670741379261, 0.008652598597109318, -0.21139056980609894, 157673.578125, 121439.515625, 157802.8125, 151459.265625, 144374.953125, 162816.375, 39182.0, 42107.0, 39578.0, 45814.0, 0.8701868057250977, -1.3806629180908203, 1.2054557800292969, -0.7804660201072693, 0.08704236894845963, 32766.0
478006, 0.7765682935714722, -1.3885256052017212, 0.6700432300567627, -0.007618804927915335, 0.008747044019401073, -0.20896123349666595, 157673.578125, 121439.515625, 157802.8125, 151449.9375, 144380.25, 162825.859375, 39385.0, 41345.0, 39749.0, 46376.0, 0.8701868057250977, -1.3806629180908203, 1.2054557800292969, -0.7133992910385132, 0.1151232048869133, 32766.0
478026, 0.7764111757278442, -1.3883498907089233, 0.6658700108528137, -0.008101650513708591, 0.008800650015473366, -0.20897792279720306, 157673.578125, 121439.515625, 157802.8125, 151464.234375, 144380.9375, 162819.9375, 40958.0, 40093.0, 37990.0, 46936.0, 0.8701868057250977, -1.3806629180908203, 1.2054557800292969, -0.6418179273605347, 0.14662598073482513, 32766.0
478046, 0.7762443423271179, -1.3881746530532837, 0.6616553068161011, -0.00859018787741661, 0.008710549212992191, -0.21310533583164215, 157673.578125, 121439.515625, 157802.8125, 151464.234375, 144379.171875, 162826.90625, 41245.0, 40310.0, 37892.0, 47051.0, 0.8701868057250977, -1.3806629180908203, 1.2054557800292969, -0.574480414390564, 0.1521483212709427, 32766.0
478066, 0.7760681509971619, -1.3880023956298828, 0.6573328971862793, -0.009041055105626583, 0.008502987213432789, -0.21897676587104797, 157673.578125, 121439.515625, 157802.8125, 151466.703125, 144379.171875, 162831.90625, 39485.0, 41521.0, 40268.0, 46394.0, 0.8701868057250977, -1.3806629180908203, 1.2054557800292969, -0.5107524394989014, 0.14033454656600952, 116.0
478086, 0.7758824825286865, -1.387834072113037, 0.6529132127761841, -0.009520200081169605, 0.008340257219970226, -0.2227512151002884, 157673.578125, 121439.515625, 157802.8125, 151467.328125, 144376.71875, 162819.40625, 39551.0, 42174.0, 41103.0, 46193.0, 0.8701868057250977, -1.3806629180908203, 1.2054557800292969, -0.4403691589832306, 0.13851727545261383, 116.0
478106, 0.7756870985031128, -1.387668251991272, 0.6484222412109375, -0.010020353831350803, 0.008253991603851318, -0.22549432516098022, 157673.578125, 121439.515625, 157802.8125, 151457.390625, 144385.15625, 162833.359375, 41070.0, 41995.0, 40356.0, 46701.0, 0.8701868057250977, -1.3806629180908203, 1.2054557800292969, -0.3657953143119812, 0.1445610076189041, 116.0
478126, 0.7754813432693481, -1.387503743171692, 0.6439088582992554, -0.010569088160991669, 0.008200711570680141, -0.22606198489665985, 157673.578125, 121439.515625, 157802.8125, 151464.84375, 144377.40625, 162821.90625, 41949.0, 41253.0, 39872.0, 47633.0, 0.8701868057250977, -1.3806629180908203, 1.2054557800292969, -0.2910129129886627, 0.1662168800830841, 128.0
478146, 0.7752640843391418, -1.3873403072357178, 0.6393792629241943, -0.011178576387465, 0.008136347867548466, -0.22711506485939026, 157673.578125, 121439.515625, 157802.8125, 151459.265625, 144385.84375, 162829.9375, 42064.0, 41792.0, 40556.0, 47379.0, 0.8701868057250977, -1.3806629180908203, 1.2054557800292969, -0.21328683197498322, 0.19154490530490875, 128.0
478166, 0.7750335931777954, -1.387178659439087, 0.6348320245742798, -0.011885027401149273, 0.008022264577448368, -0.22749313712120056, 157673.578125, 121439.515625, 157802.8125, 151461.75, 144388.96875, 162827.4375, 41618.0, 43121.0, 41347.0, 46861.0, 0.8701868057250977, -1.3806629180908203, 1.2054557800292969, -0.1402536779642105, 0.21597422659397125, 170.0
478186, 0.7747879028320312, -1.3870199918746948, 0.6303048133850098, -0.012693197466433048, 0.007839541882276535, -0.22477389872074127, 157673.578125, 121439.515625, 157802.8125, 151463.609375, 144386.53125, 162836.375, 39768.0, 41781.0, 40559.0, 45719.0, 0.8701868057250977, -1.3806629180908203, 1.2054557800292969, -0.06375716626644135, 0.23446640372276306, 170.0
478206, 0.7745255827903748, -1.386865258216858, 0.6258414387702942, -0.013518090359866619, 0.007632621563971043, -0.22162017226219177, 157673.578125, 121439.515625, 157802.8125, 151462.359375, 144379.859375, 162827.4375, 40001.0, 41684.0, 40483.0, 45803.0, 0.8701868057250977, -1.3806629180908203, 1.2054557800292969, 0.00396314263343811, 0.22793681919574738, 170.0
478226, 0.7742475867271423, -1.386715054512024, 0.6214322447776794, -0.014263918623328209, 0.007380283437669277, -0.2197096049785614, 157673.578125, 121439.515625, 157802.8125, 151462.96875, 144383.390625, 162836.375, 41158.0, 40651.0, 39047.0, 46518.0, 0.8701868057250977, -1.3806629180908203, 1.2054557800292969, 0.07346218079328537, 0.20576146245002747, 227.0
478246, 0.7739563584327698, -1.386570930480957, 0.6170377135276794, -0.014837936498224735, 0.007020795252174139, -0.22035197913646698, 157673.578125, 121439.515625, 157802.8125, 151469.8125, 144391.421875, 162831.90625, 41341.0, 40577.0, 38999.0, 46833.0, 0.8701868057250977, -1.3806629180908203, 1.2054557800292969, 0.13325832784175873, 0.15742848813533783, 227.0
478266, 0.7736558318138123, -1.3864350318908691, 0.6126012802124023, -0.015194608829915524, 0.006562177091836929, -0.22415612637996674, 157673.578125, 121439.515625, 157802.8125, 151466.703125, 144389.65625, 162829.9375, 41296.0, 41580.0, 39261.0, 46611.0, 0.8701868057250977, -1.3806629180908203, 1.2054557800292969, 0.18706800043582916, 0.09537337720394135, 227.0
478286, 0.7733500003814697, -1.3863089084625244, 0.6080831289291382, -0.015365480445325375, 0.006035870872437954, -0.22684790194034576, 157673.578125, 121439.515625, 157802.8125, 151466.703125, 144388.96875, 162830.453125, 40108.0, 42496.0, 40929.0, 46452.0, 0.8701868057250977, -1.3806629180908203, 1.2054557800292969, 0.22589510679244995, 0.03668571263551712, 310.0
478306, 0.7730416059494019, -1.3861935138702393, 0.6035511493682861, -0.015455016866326332, 0.005500981584191322, -0.2263014018535614, 157673.578125, 121439.515625, 157802.8125, 151458.625, 144391.421875, 162834.9375, 40686.0, 42636.0, 40850.0, 46641.0, 0.8701868057250977, -1.3806629180908203, 1.2054557800292969, 0.26738113164901733, 0.014877058565616608, 310.0
478326, 0.7727320194244385, -1.3860889673233032, 0.5990388989448547, -0.015501139685511589, 0.004959337878972292, -0.2247152477502823, 157673.578125, 121439.515625, 157802.8125, 151460.484375, 144395.640625, 162846.375, 41637.0, 42190.0, 40403.0, 47317.0, 0.8701868057250977, -1.3806629180908203, 1.2054557800292969, 0.30838286876678467, 0.012206555344164371, 310.0
478346, 0.7724217176437378, -1.3859955072402954, 0.5945607423782349, -0.015544943511486053, 0.004390091169625521, -0.22313812375068665, 157673.578125, 121439.515625, 157802.8125, 151467.328125, 144393.484375, 162834.9375, 42300.0, 41863.0, 39934.0, 47831.0, 0.8701868057250977, -1.3806629180908203, 1.2054557800292969, 0.3468429446220398, 0.020687974989414215, 418.0
478366, 0.7721102833747864, -1.385913610458374, 0.5901294946670532, -0.015607913956046104, 0.0038058420177549124, -0.22050990164279938, 157673.578125, 121439.515625, 157802.8125, 151460.484375, 144398.78125, 162837.953125, 41694.0, 42628.0, 40882.0, 47646.0, 0.8701868057250977, -1.3806629180908203, 1.2054557800292969, 0.38154712319374084, 0.026275789365172386, 418.0
478386, 0.7717974781990051, -1.38584303855896, 0.5857381820678711, -0.015658831223845482, 0.0032512235920876265, -0.2185046225786209, 157673.578125, 121439.515625, 157802.8125, 151465.453125, 144402.3125, 162840.453125, 39530.0, 42217.0, 40057.0, 45828.0, 0.8701868057250977, -1.3806629180908203, 1.2054557800292969, 0.40961116552352905, 0.010127483867108822, 462.0
478406, 0.7714839577674866, -1.3857835531234741, 0.5813853740692139, -0.01567426510155201, 0.0027027640026062727, -0.216910719871521, 157673.578125, 121439.515625, 157802.8125, 151459.234375, 144401.234375, 162849.40625, 39906.0, 41915.0, 39562.0, 45911.0, 0.8701868057250977, -1.3806629180908203, 1.2054557800292969, 0.43317508697509766, -0.004303965251892805, 462.0
478426, 0.771170973777771, -1.3857351541519165, 0.5770635008811951, -0.015604729764163494, 0.0021227174438536167, -0.21591873466968536, 157673.578125, 121439.515625, 157802.8125, 151461.109375, 144395.921875, 162839.40625, 40605.0, 41328.0, 38916.0, 46719.0, 0.8701868057250977, -1.3806629180908203, 1.2054557800292969, 0.4521644711494446, -0.030571648851037025, 462.0
478446, 0.7708605527877808, -1.3856992721557617, 0.572751522064209, -0.015436708927154541, 0.0014427823480218649, -0.2152205854654312, 157673.578125, 121439.515625, 157802.8125, 151462.96875, 144404.359375, 162837.953125, 41080.0, 41166.0, 38741.0, 47016.0, 0.8701868057250977, -1.3806629180908203, 1.2054557800292969, 0.4680544137954712, -0.048716358840465546, 485.0
478466, 0.7705543637275696, -1.3856781721115112, 0.56844162940979, -0.01517894770950079, 0.0006598680629394948, -0.21589118242263794, 157673.578125, 121439.515625, 157802.8125, 151464.84375, 144404.359375, 162849.9375, 40762.0, 41408.0, 39414.0, 47013.0, 0.8701868057250977, -1.3806629180908203, 1.2054557800292969, 0.4892255663871765, -0.07451903074979782, 485.0
478486, 0.7702540755271912, -1.38567316532135, 0.5640950202941895, -0.01484782062470913, -0.00015662657096982002, -0.2187303751707077, 157673.578125, 121439.515625, 157802.8125, 151472.90625, 144406.8125, 162840.453125, 40277.0, 41514.0, 40443.0, 47048.0, 0.8701868057250977, -1.3806629180908203, 1.2054557800292969, 0.5143527984619141, -0.0991196408867836, 485.0
478506, 0.7699608206748962, -1.3856836557388306, 0.5597120523452759, -0.014465682208538055, -0.0008749892585910857, -0.21934613585472107, 157673.578125, 121439.515625, 157802.8125, 151461.71875, 144405.046875, 162844.9375, 40227.0, 42482.0, 41057.0, 46704.0, 0.8701868057250977, -1.3806629180908203, 1.2054557800292969, 0.5392723083496094, -0.1137436255812645, 491.0
478526, 0.7696748375892639, -1.3857070207595825, 0.5553274750709534, -0.014134480617940426, -0.0014573684893548489, -0.21865348517894745, 157673.578125, 121439.515625, 157802.8125, 151469.1875, 144403.6875, 162839.0, 40970.0, 42792.0, 40607.0, 46988.0, 0.8701868057250977, -1.3806629180908203, 1.2054557800292969, 0.5625424981117249, -0.09325239062309265, 491.0
478546, 0.7693946361541748, -1.3857418298721313, 0.5509779453277588, -0.013902476988732815, -0.0020367999095469713, -0.21613135933876038, 157673.578125, 121439.515625, 157802.8125, 151463.59375, 144411.71875, 162859.40625, 41025.0, 42237.0, 40808.0, 47714.0, 0.8701868057250977, -1.3806629180908203, 1.2054557800292969, 0.574445903301239, -0.05679973587393761, 491.0
478566, 0.7691179513931274, -1.3857882022857666, 0.546704113483429, -0.013785329647362232, -0.002576853148639202, -0.2116137444972992, 157673.578125, 121439.515625, 157802.8125, 151466.078125, 144405.046875, 162843.484375, 40469.0, 42408.0, 41329.0, 48168.0, 0.8701868057250977, -1.3806629180908203, 1.2054557800292969, 0.5808799266815186, -0.019683877006173134, 494.0
478586, 0.768842339515686, -1.3858431577682495, 0.5425189137458801, -0.013784793205559254, -0.00288481917232275, -0.20699580013751984, 157673.578125, 121439.515625, 157802.8125, 151467.9375, 144409.265625, 162834.0, 39100.0, 41078.0, 39412.0, 47194.0, 0.8701868057250977, -1.3806629180908203, 1.2054557800292969, 0.5715010166168213, 0.004781896248459816, 494.0
478606, 0.7685664892196655, -1.3859015703201294, 0.5384072661399841, -0.013790558092296124, -0.002920714672654867, -0.20394612848758698, 157673.578125, 121439.515625, 157802.8125, 151459.234375, 144404.359375, 162860.984375, 39271.0, 41408.0, 38986.0, 47284.0, 0.8701868057250977, -1.3806629180908203, 1.2054557800292969, 0.551863431930542, -0.005176708102226257, 497.0
478626, 0.7682914137840271, -1.3859587907791138, 0.5343269109725952, -0.013705885969102383, -0.0027841050177812576, -0.20445701479911804, 157673.578125, 121439.515625, 157802.8125, 151471.65625, 144413.078125, 162857.953125, 39990.0, 40898.0, 37877.0, 47586.0, 0.8701868057250977, -1.3806629180908203, 1.2054557800292969, 0.5248004198074341, -0.0318775475025177, 497.0
478646, 0.7680193185806274, -1.3860126733779907, 0.5302075743675232, -0.013496452942490578, -0.0025969643611460924, -0.20719210803508759, 157673.578125, 121439.515625, 157802.8125, 151477.265625, 144417.296875, 162865.453125, 39356.0, 41551.0, 38099.0, 47646.0, 0.8701868057250977, -1.3806629180908203, 1.2054557800292969, 0.47959068417549133, -0.06701131910085678, 497.0
478666, 0.767752468585968, -1.3860626220703125, 0.5260571241378784, -0.013181021437048912, -0.0023947085719555616, -0.20779454708099365, 157673.578125, 121439.515625, 157802.8125, 151468.5625, 144422.203125, 162852.953125, 39223.0, 41997.0, 38281.0, 47854.0, 0.8701868057250977, -1.3806629180908203, 1.2054557800292969, 0.42020970582962036, -0.09857919067144394, 494.0
478686, 0.7674926519393921, -1.386108160018921, 0.52189040184021, -0.012792031280696392, -0.0021482750307768583, -0.2082993984222412, 157673.578125, 121439.515625, 157802.8125, 151471.65625, 144412.40625, 162855.984375, 38477.0, 43294.0, 39029.0, 47501.0, 0.8701868057250977, -1.3806629180908203, 1.2054557800292969, 0.3478572368621826, -0.11933324486017227, 494.0
478706, 0.7672408223152161, -1.3861479759216309, 0.5177195072174072, -0.012381719425320625, -0.0018308559665456414, -0.20911124348640442, 157673.578125, 121439.515625, 157802.8125, 151477.875, 144417.984375, 162863.484375, 38313.0, 44004.0, 39181.0, 47603.0, 0.8701868057250977, -1.3806629180908203, 1.2054557800292969, 0.2613205313682556, -0.12553608417510986, 494.0
478726, 0.7669967412948608, -1.3861815929412842, 0.5135354995727539, -0.012029958888888359, -0.0015396327944472432, -0.20930492877960205, 157673.578125, 121439.515625, 157802.8125, 151468.5625, 144425.34375, 162846.5, 39006.0, 43643.0, 38540.0, 48562.0, 0.8701868057250977, -1.3806629180908203, 1.2054557800292969, 0.1617785394191742, -0.10004047304391861, 497.0
478746, 0.7667586207389832, -1.3862098455429077, 0.5093517303466797, -0.011800326406955719, -0.0012912678066641092, -0.2085367888212204, 157673.578125, 121439.515625, 157802.8125, 151461.71875, 144433.78125, 162858.484375, 39603.0, 43655.0, 37779.0, 49098.0, 0.8701868057250977, -1.3806629180908203, 1.2054557800292969, 0.053618863224983215, -0.05649777501821518, 497.0
478766, 0.7665241360664368, -1.3862335681915283, 0.5051722526550293, -0.011662714183330536, -0.0010824473574757576, -0.20908750593662262, 157673.578125, 121439.515625, 157802.8125, 151471.046875, 144420.4375, 162865.984375, 39648.0, 44252.0, 37551.0, 49347.0, 0.8701868057250977, -1.3806629180908203, 1.2054557800292969, -0.07007340341806412, -0.03041958250105381, 497.0
478786, 0.7662918567657471, -1.3862534761428833, 0.5010126233100891, -0.01157430000603199, -0.0009238228085450828, -0.2070542424917221, 157673.578125, 121439.515625, 157802.8125, 151467.296875, 144433.78125, 162870.984375, 37551.0, 44051.0, 35918.0, 48030.0, 0.8701868057250977, -1.3806629180908203, 1.2054557800292969, -0.216172993183136, -0.02022647112607956, 496.0
478806, 0.7660611867904663, -1.3862720727920532, 0.4968811571598053, -0.011488803662359715, -0.0009748750017024577, -0.20670653879642487, 157673.578125, 121439.515625, 157802.8125, 151474.75, 144427.78125, 162859.0, 37807.0, 44695.0, 35119.0, 47929.0, 0.8701868057250977, -1.3806629180908203, 1.2054557800292969, -0.3754425644874573, -0.027552230283617973, 496.0
478826, 0.7658326625823975, -1.3862943649291992, 0.4927261173725128, -0.01134603563696146, -0.001286732847802341, -0.20844273269176483, 157673.578125, 121439.515625, 157802.8125, 151479.109375, 144422.890625, 162869.0, 36850.0, 44336.0, 35343.0, 48706.0, 0.8701868057250977, -1.3806629180908203, 1.2054557800292969, -0.5516337752342224, -0.05390321463346481, 501.0
478846, 0.765608549118042, -1.3863239288330078, 0.48854300379753113, -0.01103884819895029, -0.0016589569859206676, -0.21002806723117828, 157673.578125, 121439.515625, 157802.8125, 151473.53125, 144432.0, 162864.53125, 36852.0, 43987.0, 34959.0, 49668.0, 0.8701868057250977, -1.3806629180908203, 1.2054557800292969, -0.7508814334869385, -0.10884660482406616, 501.0
478866, 0.7653929591178894, -1.3863600492477417, 0.4843176305294037, -0.010497558861970901, -0.001954824896529317, -0.2123860865831375, 157673.578125, 121439.515625, 157802.8125, 151476.625, 144433.375, 162861.5, 37282.0, 44768.0, 34498.0, 49552.0, 0.8701868057250977, -1.3806629180908203, 1.2054557800292969, -0.9628995060920715, -0.1760886162519455, 501.0
478886, 0.7651901245117188, -1.3864026069641113, 0.48004189133644104, -0.009773175232112408, -0.002316174330189824, -0.2151719182729721, 157673.578125, 121439.515625, 157802.8125, 151471.65625, 144435.140625, 162866.5, 37348.0, 45074.0, 34476.0, 49987.0, 0.8701868057250977, -1.3806629180908203, 1.2054557800292969, -1.1778329610824585, -0.22669070959091187, 503.0
478906, 0.7650032639503479, -1.3864530324935913, 0.4757199287414551, -0.008904147893190384, -0.002730073407292366, -0.21730047464370728, 157673.578125, 121439.515625, 157802.8125, 151477.859375, 144444.265625, 162875.046875, 37226.0, 45571.0, 34765.0, 50063.0, 0.8701868057250977, -1.3806629180908203, 1.2054557800292969, -1.3944255113601685, -0.26780596375465393, 503.0
478926, 0.7648347020149231, -1.3865118026733398, 0.4713640511035919, -0.007934072986245155, -0.0031339828856289387, -0.2174225151538849, 157673.578125, 121439.515625, 157802.8125, 151479.109375, 144435.140625, 162870.984375, 36306.0, 45843.0, 36145.0, 50320.0, 0.8701868057250977, -1.3806629180908203, 1.2054557800292969, -1.6098722219467163, -0.2936733365058899, 503.0
478946, 0.764685869216919, -1.3865776062011719, 0.46702730655670166, -0.00694414135068655, -0.0034209422301501036, -0.21621514856815338, 157673.578125, 121439.515625, 157802.8125, 151479.109375, 144435.828125, 162879.0, 37059.0, 46193.0, 35926.0, 50362.0, 0.8701868057250977, -1.3806629180908203, 1.2054557800292969, -1.8152153491973877, -0.29021647572517395, 507.0
478966, 0.7645565271377563, -1.3866478204727173, 0.4627198576927185, -0.005991453770548105, -0.003604724071919918, -0.2140914797782898, 157673.578125, 121439.515625, 157802.8125, 151477.234375, 144433.375, 162872.546875, 37636.0, 45957.0, 35675.0, 50714.0, 0.8701868057250977, -1.3806629180908203, 1.2054557800292969, -2.009338140487671, -0.2730216383934021, 507.0
478986, 0.7644460201263428, -1.3867219686508179, 0.4584783613681793, -0.005063600372523069, -0.0038097749929875135, -0.21027162671089172, 157673.578125, 121439.515625, 157802.8125, 151481.59375, 144440.71875, 162874.53125, 35906.0, 44386.0, 34113.0, 50110.0, 0.8701868057250977, -1.3806629180908203, 1.2054557800292969, -2.19466495513916, -0.2647726535797119, 507.0
479006, 0.7643539905548096, -1.386799693107605, 0.454283744096756, -0.0041350144892930984, -0.003936381079256535, -0.2095070332288742, 157673.578125, 121439.515625, 157802.8125, 151482.203125, 144436.515625, 162877.546875, 35625.0, 44096.0, 34556.0, 50067.0, 0.8701868057250977, -1.3806629180908203, 1.2054557800292969, -2.368131399154663, -0.27603083848953247, 518.0
479026, 0.7642814517021179, -1.3868781328201294, 0.4500959515571594, -0.0031053959392011166, -0.003884663572534919, -0.20957337319850922, 157673.578125, 121439.515625, 157802.8125, 151480.34375, 144457.203125, 162869.53125, 36677.0, 44831.0, 33964.0, 49402.0, 0.8701868057250977, -1.3806629180908203, 1.2054557800292969, -2.5249738693237305, -0.3088248670101166, 518.0
479046, 0.7642302513122559, -1.3869554996490479, 0.4458676874637604, -0.0020005805417895317, -0.0038657733239233494, -0.21319450438022614, 157673.578125, 121439.515625, 157802.8125, 151477.859375, 144440.71875, 162886.5, 36944.0, 45151.0, 34194.0, 49257.0, 0.8701868057250977, -1.3806629180908203, 1.2054557800292969, -2.666635274887085, -0.3365563154220581, 527.0
479066, 0.7642017006874084, -1.3870348930358887, 0.44157513976097107, -0.0008489956380799413, -0.004102862440049648, -0.2155640572309494, 157673.578125, 121439.515625, 157802.8125, 151480.953125, 144445.625, 162885.046875, 36882.0, 45454.0, 34834.0, 49280.0, 0.8701868057250977, -1.3806629180908203, 1.2054557800292969, -2.798612356185913, -0.3480099141597748, 527.0
479086, 0.7641958594322205, -1.3871212005615234, 0.4372285008430481, 0.00025238064699806273, -0.004537619184702635, -0.21939778327941895, 157673.578125, 121439.515625, 157802.8125, 151489.65625, 144450.53125, 162877.03125, 36295.0, 45655.0, 35727.0, 49679.0, 0.8701868057250977, -1.3806629180908203, 1.2054557800292969, -2.9255526065826416, -0.327413409948349, 527.0
479106, 0.7642104625701904, -1.3872153759002686, 0.43280699849128723, 0.0011817144695669413, -0.0048334053717553616, -0.22247734665870667, 157673.578125, 121439.515625, 157802.8125, 151479.71875, 144446.3125, 162882.546875, 35635.0, 44868.0, 36676.0, 50866.0, 0.8701868057250977, -1.3806629180908203, 1.2054557800292969, -3.0595054626464844, -0.261271595954895, 545.0
479126, 0.7642412781715393, -1.3873107433319092, 0.4283389747142792, 0.0018654597224667668, -0.004639830440282822, -0.22414596378803253, 157673.578125, 121439.515625, 157802.8125, 151491.53125, 144454.75, 162887.03125, 34680.0, 45528.0, 37849.0, 50981.0, 0.8701868057250977, -1.3806629180908203, 1.2054557800292969, -3.203674554824829, -0.17328642308712006, 545.0
479146, 0.7642827033996582, -1.3873968124389648, 0.4238710105419159, 0.0022393425460904837, -0.003916956018656492, -0.2222846895456314, 157673.578125, 121439.515625, 157802.8125, 151489.65625, 144456.796875, 162884.53125, 37280.0, 46142.0, 35914.0, 50706.0, 0.8701868057250977, -1.3806629180908203, 1.2054557800292969, -3.336510419845581, -0.07245934009552002, 545.0
479166, 0.7643284797668457, -1.3874664306640625, 0.4194434881210327, 0.0023058217484503984, -0.003044203855097294, -0.22060570120811462, 157673.578125, 121439.515625, 157802.8125, 151487.796875, 144459.65625, 162892.03125, 36819.0, 46906.0, 36536.0, 50571.0, 0.8701868057250977, -1.3806629180908203, 1.2054557800292969, -3.4652202129364014, 0.013210317119956017, 551.0
479186, 0.7643730640411377, -1.3875186443328857, 0.4150485396385193, 0.0021326791029423475, -0.002185915829613805, -0.21874234080314636, 157673.578125, 121439.515625, 157802.8125, 151487.796875, 144459.65625, 162880.578125, 35149.0, 45277.0, 34750.0, 50168.0, 0.8701868057250977, -1.3806629180908203, 1.2054557800292969, -3.596076488494873, 0.07832781225442886, 551.0
479206, 0.7644124031066895, -1.3875534534454346, 0.4106857478618622, 0.0017749132821336389, -0.00127574079670012, -0.21774646639823914, 157673.578125, 121439.515625, 157802.8125, 151480.34375, 144465.921875, 162889.53125, 35635.0, 45669.0, 33922.0, 50347.0, 0.8701868057250977, -1.3806629180908203, 1.2054557800292969, -3.7345612049102783, 0.1348743587732315, 551.0
479226, 0.7644434571266174, -1.387569546699524, 0.40634530782699585, 0.0013166024582460523, -0.0003381759161129594, -0.21646851301193237, 157673.578125, 121439.515625, 157802.8125, 151490.28125, 144456.109375, 162891.5, 34641.0, 46367.0, 34148.0, 50028.0, 0.8701868057250977, -1.3806629180908203, 1.2054557800292969, -3.894256114959717, 0.15886841714382172, 558.0
479246, 0.7644646167755127, -1.3875678777694702, 0.4020201861858368, 0.0008008577860891819, 0.0004734792746603489, -0.21627330780029297, 157673.578125, 121439.515625, 157802.8125, 151489.65625, 144463.46875, 162880.578125, 34986.0, 45717.0, 33829.0, 50823.0, 0.8701868057250977, -1.3806629180908203, 1.2054557800292969, -4.060481071472168, 0.16382865607738495, 558.0
479266, 0.7644757032394409, -1.387551188468933, 0.3976958394050598, 0.00032149659818969667, 0.0011921590194106102, -0.21607472002506256, 157673.578125, 121439.515625, 157802.8125, 151493.984375, 144456.109375, 162894.0, 34795.0, 46516.0, 33598.0, 50810.0, 0.8701868057250977, -1.3806629180908203, 1.2054557800292969, -4.233444690704346, 0.14917223155498505, 564.0
479286, 0.7644776105880737, -1.3875209093093872, 0.39335963129997253, -0.00013055323506705463, 0.0018214104929938912, -0.21763792634010315, 157673.578125, 121439.515625, 157802.8125, 151495.25, 144463.46875, 162894.53125, 35270.0, 46710.0, 33031.0, 51067.0, 0.8701868057250977, -1.3806629180908203, 1.2054557800292969, -4.425548076629639, 0.14738327264785767, 564.0
479306, 0.7644701600074768, -1.3874797821044922, 0.3890031576156616, -0.0006259449874050915, 0.002276733750477433, -0.21783633530139923, 157673.578125, 121439.515625, 157802.8125, 151492.765625, 144467.6875, 162902.03125, 35625.0, 46744.0, 32916.0, 51534.0, 0.8701868057250977, -1.3806629180908203, 1.2054557800292969, -4.6166157722473145, 0.16111671924591064, 564.0
479326, 0.7644524574279785, -1.3874313831329346, 0.3846593499183655, -0.0011452611070126295, 0.0025453506968915462, -0.21640856564044952, 157673.578125, 121439.515625, 157802.8125, 151490.28125, 144464.15625, 162898.078125, 35418.0, 47332.0, 33216.0, 51628.0, 0.8701868057250977, -1.3806629180908203, 1.2054557800292969, -4.812434673309326, 0.156438410282135, 566.0
479346, 0.7644244432449341, -1.3873790502548218, 0.38035374879837036, -0.0016451121773570776, 0.002664906205609441, -0.21379560232162476, 157673.578125, 121439.515625, 157802.8125, 151490.890625, 144465.921875, 162898.59375, 35008.0, 48007.0, 33710.0, 51413.0, 0.8701868057250977, -1.3806629180908203, 1.2054557800292969, -5.009573936462402, 0.1392456293106079, 566.0
479366, 0.7643870115280151, -1.3873258829116821, 0.3761066198348999, -0.002089852700009942, 0.002624897053465247, -0.21067382395267487, 157673.578125, 121439.515625, 157802.8125, 151490.28125, 144476.40625, 162902.546875, 35476.0, 48047.0, 33652.0, 51630.0, 0.8701868057250977, -1.3806629180908203, 1.2054557800292969, -5.1975860595703125, 0.12067092210054398, 566.0
479386, 0.764340877532959, -1.3872753381729126, 0.37194693088531494, -0.0025177006609737873, 0.002396906726062298, -0.2057071030139923, 157673.578125, 121439.515625, 157802.8125, 151505.1875, 144475.03125, 162900.046875, 34230.0, 46786.0, 31407.0, 50903.0, 0.8701868057250977, -1.3806629180908203, 1.2054557800292969, -5.3758440017700195, 0.11341004073619843, 557.0
479406, 0.764286458492279, -1.387231707572937, 0.36785072088241577, -0.0029178867116570473, 0.0019289845367893577, -0.20418497920036316, 157673.578125, 121439.515625, 157802.8125, 151505.1875, 144465.515625, 162905.046875, 33970.0, 47024.0, 31523.0, 50559.0, 0.8701868057250977, -1.3806629180908203, 1.2054557800292969, -5.554769039154053, 0.0959319993853569, 557.0
479426, 0.7642242312431335, -1.3871999979019165, 0.36378058791160583, -0.003301795106381178, 0.0012118307640776038, -0.20263789594173431, 157673.578125, 121439.515625, 157802.8125, 151492.765625, 144466.59375, 162907.03125, 34753.0, 46425.0, 31012.0, 50788.0, 0.8701868057250977, -1.3806629180908203, 1.2054557800292969, -5.715428352355957, 0.08445018529891968, 557.0
479446, 0.7641550302505493, -1.3871843814849854, 0.3597191274166107, -0.0036158147267997265, 0.00032219107379205525, -0.2037348449230194, 157673.578125, 121439.515625, 157802.8125, 151492.765625, 144469.046875, 162900.578125, 34680.0, 46593.0, 31388.0, 50791.0, 0.8701868057250977, -1.3806629180908203, 1.2054557800292969, -5.865141868591309, 0.06101490929722786, 537.0
479466, 0.7640801072120667, -1.3871885538101196, 0.35563164949417114, -0.0038704685866832733, -0.0007458769250661135, -0.20537766814231873, 157673.578125, 121439.515625, 157802.8125, 151498.34375, 144477.09375, 162907.546875, 34612.0, 46691.0, 31785.0, 51127.0, 0.8701868057250977, -1.3806629180908203, 1.2054557800292969, -6.014306545257568, 0.03835444897413254, 537.0
479486, 0.7640002369880676, -1.3872147798538208, 0.35151565074920654, -0.004110811743885279, -0.0018792030168697238, -0.20585066080093384, 157673.578125, 121439.515625, 157802.8125, 151505.1875, 144480.625, 162905.578125, 33898.0, 47084.0, 33035.0, 51187.0, 0.8701868057250977, -1.3806629180908203, 1.2054557800292969, -6.1591033935546875, 0.032681167125701904, 491.0
479506, 0.7639151215553284, -1.3872629404067993, 0.3473857045173645, -0.004417972639203072, -0.002921588718891144, -0.20701971650123596, 157673.578125, 121439.515625, 157802.8125, 151506.40625, 144477.09375, 162901.09375, 33695.0, 47340.0, 33278.0, 51349.0, 0.8701868057250977, -1.3806629180908203, 1.2054557800292969, -6.302145004272461, 0.06496914476156235, 491.0
479526, 0.763822615146637, -1.3873308897018433, 0.34323516488075256, -0.004849453456699848, -0.003878031624481082, -0.2082308679819107, 157673.578125, 121439.515625, 157802.8125, 151503.3125, 144479.546875, 162903.59375, 34992.0, 48034.0, 32207.0, 51101.0, 0.8701868057250977, -1.3806629180908203, 1.2054557800292969, -6.450606822967529, 0.10528935492038727, 491.0
479546, 0.7637197375297546, -1.3874191045761108, 0.3390778601169586, -0.005463282577693462, -0.004971873015165329, -0.2074640393257141, 157673.578125, 121439.515625, 157802.8125, 151500.21875, 144476.40625, 162917.03125, 35785.0, 48800.0, 31817.0, 50865.0, 0.8701868057250977, -1.3806629180908203, 1.2054557800292969, -6.588316440582275, 0.15393835306167603, 32766.0
479566, 0.7636028528213501, -1.3875318765640259, 0.3349470794200897, -0.0062383925542235374, -0.006343164946883917, -0.20503327250480652, 157673.578125, 121439.515625, 157802.8125, 151507.671875, 144484.4375, 162915.578125, 35465.0, 48418.0, 33084.0, 51095.0, 0.8701868057250977, -1.3806629180908203, 1.2054557800292969, -6.715051651000977, 0.17889219522476196, 32766.0
479586, 0.7634696960449219, -1.3876739740371704, 0.330890029668808, -0.007078503258526325, -0.007873845286667347, -0.20042136311531067, 157673.578125, 121439.515625, 157802.8125, 151510.765625, 144493.5625, 162910.046875, 34264.0, 46764.0, 30880.0, 50818.0, 0.8701868057250977, -1.3806629180908203, 1.2054557800292969, -6.824917793273926, 0.1842348575592041, 32766.0
479606, 0.7633205056190491, -1.387846827507019, 0.32691332697868347, -0.00782373920083046, -0.0094118257984519, -0.1978466957807541, 157673.578125, 121439.515625, 157802.8125, 151518.828125, 144491.796875, 162910.578125, 35249.0, 46624.0, 30219.0, 50499.0, 0.8701868057250977, -1.3806629180908203, 1.2054557800292969, -6.9210100173950195, 0.1501237452030182, 32766.0
479626, 0.7631579041481018, -1.3880512714385986, 0.3229597210884094, -0.008423042483627796, -0.011050012893974781, -0.19730475544929504, 157673.578125, 121439.515625, 157802.8125, 151520.09375, 144489.34375, 162912.546875, 35488.0, 46757.0, 30836.0, 50004.0, 0.8701868057250977, -1.3806629180908203, 1.2054557800292969, -6.995733261108398, 0.10271365940570831, 32766.0
479646, 0.7629843354225159, -1.3882907629013062, 0.31901901960372925, -0.008921818807721138, -0.012937022373080254, -0.19690433144569397, 157673.578125, 121439.515625, 157802.8125, 151502.0625, 144478.859375, 162908.078125, 35971.0, 45927.0, 31583.0, 50164.0, 0.8701868057250977, -1.3806629180908203, 1.2054557800292969, -7.030884265899658, 0.06703615188598633, 32766.0
479666, 0.7628018856048584, -1.3885698318481445, 0.3150862157344818, -0.00930822640657425, -0.0149744413793087, -0.19633761048316956, 157673.578125, 121439.515625, 157802.8125, 151508.28125, 144484.4375, 162917.546875, 36280.0, 46408.0, 32227.0, 49799.0, 0.8701868057250977, -1.3806629180908203, 1.2054557800292969, -7.04580020904541, 0.03124222718179226, 32766.0
479686, 0.7626124024391174, -1.3888897895812988, 0.3111715614795685, -0.00964602641761303, -0.017018428072333336, -0.19466815888881683, 157673.578125, 121439.515625, 157802.8125, 151512.0, 144499.140625, 162921.09375, 35820.0, 46294.0, 33492.0, 49821.0, 0.8701868057250977, -1.3806629180908203, 1.2054557800292969, -7.038721084594727, 0.027390075847506523, 32766.0
479706, 0.7624157071113586, -1.3892496824264526, 0.30730438232421875, -0.01002699974924326, -0.01895309053361416, -0.19176411628723145, 157673.578125, 121439.515625, 157802.8125, 151518.21875, 144500.921875, 162921.09375, 35829.0, 46296.0, 35110.0, 49398.0, 0.8701868057250977, -1.3806629180908203, 1.2054557800292969, -7.007565498352051, 0.04526938125491142, 115.0
479726, 0.7622106075286865, -1.3896459341049194, 0.3035019040107727, -0.010496262460947037, -0.020615823566913605, -0.18847417831420898, 157673.578125, 121439.515625, 157802.8125, 151511.375, 144499.140625, 162923.59375, 36074.0, 45396.0, 35385.0, 50045.0, 0.8701868057250977, -1.3806629180908203, 1.2054557800292969, -6.950784206390381, 0.08569580316543579, 115.0
479746, 0.7619949579238892, -1.3900707960128784, 0.29977643489837646, -0.011087040416896343, -0.02180394157767296, -0.1840706318616867, 157673.578125, 121439.515625, 157802.8125, 151513.859375, 144496.703125, 162924.125, 36605.0, 45788.0, 35906.0, 49343.0, 0.8701868057250977, -1.3806629180908203, 1.2054557800292969, -6.874579429626465, 0.14248624444007874, 115.0
479766, 0.7617656588554382, -1.3905147314071655, 0.29612764716148376, -0.011858639307320118, -0.022548386827111244, -0.180715411901474, 157673.578125, 121439.515625, 157802.8125, 151520.0625, 144491.796875, 162924.125, 36541.0, 45079.0, 36562.0, 49705.0, 0.8701868057250977, -1.3806629180908203, 1.2054557800292969, -6.778669834136963, 0.20661388337612152, 109.0
479786, 0.7615196704864502, -1.3909697532653809, 0.2925606071949005, -0.01275459211319685, -0.022886201739311218, -0.17540045082569122, 157673.578125, 121439.515625, 157802.8125, 151521.3125, 144499.828125, 162928.078125, 34367.0, 43052.0, 35793.0, 48988.0, 0.8701868057250977, -1.3806629180908203, 1.2054557800292969, -6.668985366821289, 0.2503087818622589, 109.0
479806, 0.7612553834915161, -1.3914251327514648, 0.2891296446323395, -0.01366689894348383, -0.022557266056537628, -0.1678934097290039, 157673.578125, 121439.515625, 157802.8125, 151521.3125, 144498.0625, 162921.09375, 34985.0, 43037.0, 35777.0, 48669.0, 0.8701868057250977, -1.3806629180908203, 1.2054557800292969, -6.547642707824707, 0.26639461517333984, 109.0
479826, 0.7609732747077942, -1.3918675184249878, 0.2858280837535858, -0.014541089534759521, -0.0216288510710001, -0.162303626537323, 157673.578125, 121439.515625, 157802.8125, 151520.703125, 144504.734375, 162921.09375, 35865.0, 43651.0, 35325.0, 47241.0, 0.8701868057250977, -1.3806629180908203, 1.2054557800292969, -6.404745101928711, 0.27460744976997375, 121.0
479846, 0.7606736421585083, -1.3922889232635498, 0.2826380133628845, -0.015418167226016521, -0.02050493098795414, -0.15652815997600555, 157673.578125, 121439.515625, 157802.8125, 151523.1875, 144496.296875, 162931.09375, 37570.0, 42250.0, 34514.0, 47552.0, 0.8701868057250977, -1.3806629180908203, 1.2054557800292969, -6.236392498016357, 0.2795528173446655, 121.0
479866, 0.7603572010993958, -1.3926875591278076, 0.2795907258987427, -0.016199830919504166, -0.019355203956365585, -0.14800572395324707, 157673.578125, 121439.515625, 157802.8125, 151524.421875, 144506.5, 162923.59375, 38402.0, 41254.0, 34363.0, 47803.0, 0.8701868057250977, -1.3806629180908203, 1.2054557800292969, -6.044509410858154, 0.23823629319667816, 121.0
479886, 0.7600277662277222, -1.3930631875991821, 0.2767127752304077, -0.016726819798350334, -0.018196942284703255, -0.13957655429840088, 157673.578125, 121439.515625, 157802.8125, 151528.765625, 144502.96875, 162925.578125, 37437.0, 40933.0, 36097.0, 47392.0, 0.8701868057250977, -1.3806629180908203, 1.2054557800292969, -5.8294243812561035, 0.1712009161710739, 130.0
479906, 0.759689211845398, -1.3934133052825928, 0.2740280330181122, -0.017107360064983368, -0.016790183261036873, -0.12854012846946716, 157673.578125, 121439.515625, 157802.8125, 151533.125, 144515.21875, 162925.578125, 38180.0, 41244.0, 36569.0, 46058.0, 0.8701868057250977, -1.3806629180908203, 1.2054557800292969, -5.584889888763428, 0.13335978984832764, 130.0
479926, 0.7593445181846619, -1.3937342166900635, 0.2715616524219513, -0.017343031242489815, -0.015294243581593037, -0.11796820163726807, 157673.578125, 121439.515625, 157802.8125, 151526.90625, 144512.078125, 162931.09375, 38606.0, 40487.0, 37277.0, 45404.0, 0.8701868057250977, -1.3806629180908203, 1.2054557800292969, -5.295876979827881, 0.09189702570438385, 153.0
479946, 0.758996307849884, -1.39402437210083, 0.2693290710449219, -0.017468638718128204, -0.013711499981582165, -0.10554098337888718, 157673.578125, 121439.515625, 157802.8125, 151529.390625, 144512.765625, 162932.140625, 39224.0, 38655.0, 37512.0, 45767.0, 0.8701868057250977, -1.3806629180908203, 1.2054557800292969, -4.973992824554443, 0.0669131875038147, 153.0
479966, 0.7586467266082764, -1.394281029701233, 0.267325222492218, -0.01747950352728367, -0.01191193237900734, -0.09475235641002655, 157673.578125, 121439.515625, 157802.8125, 151529.390625, 144512.765625, 162931.625, 39206.0, 37830.0, 38103.0, 45179.0, 0.8701868057250977, -1.3806629180908203, 1.2054557800292969, -4.626014709472656, 0.03763212263584137, 153.0
479986, 0.7582979798316956, -1.3944987058639526, 0.2655446529388428, -0.017392829060554504, -0.009818218648433685, -0.08357062935829163, 157673.578125, 121439.515625, 157802.8125, 151534.96875, 144514.53125, 162938.59375, 37906.0, 36439.0, 37224.0, 42067.0, 0.8701868057250977, -1.3806629180908203, 1.2054557800292969, -4.244246959686279, 0.01402354333549738, 186.0
480006, 0.7579513788223267, -1.3946731090545654, 0.26394951343536377, -0.01726452261209488, -0.007632012479007244, -0.07671716064214706, 157673.578125, 121439.515625, 157802.8125, 151533.734375, 144515.90625, 162926.625, 38256.0, 35468.0, 37026.0, 41575.0, 0.8701868057250977, -1.3806629180908203, 1.2054557800292969, -3.8420653343200684, -0.0021870844066143036, 186.0
480026, 0.7576078176498413, -1.39480459690094, 0.2624586820602417, -0.01709742099046707, -0.0055377245880663395, -0.07283275574445724, 157673.578125, 121439.515625, 157802.8125, 151534.359375, 144512.765625, 162936.625, 38629.0, 34721.0, 37337.0, 40491.0, 0.8701868057250977, -1.3806629180908203, 1.2054557800292969, -3.4146623611450195, -0.016062336042523384, 186.0
480046, 0.7572675347328186, -1.3948966264724731, 0.26103174686431885, -0.01691533252596855, -0.003732108511030674, -0.06980497390031815, 157673.578125, 121439.515625, 157802.8125, 151532.484375, 144522.578125, 162936.625, 40203.0, 35176.0, 36313.0, 38967.0, 0.8701868057250977, -1.3806629180908203, 1.2054557800292969, -2.9667348861694336, -0.03789329156279564, 223.0
480066, 0.7569323778152466, -1.3949583768844604, 0.2597518563270569, -0.016533054411411285, -0.0025411269161850214, -0.05435549095273018, 157673.578125, 121439.515625, 157802.8125, 151539.9375, 144531.6875, 162944.125, 42015.0, 34020.0, 33733.0, 40102.0, 0.8701868057250977, -1.3806629180908203, 1.2054557800292969, -2.536184072494507, -0.1101764515042305, 223.0
480086, 0.7566112279891968, -1.395005226135254, 0.2589883506298065, -0.015334386378526688, -0.002505604410544038, -0.016898831352591515, 157673.578125, 121439.515625, 157802.8125, 151539.328125, 144534.828125, 162941.625, 46472.0, 37841.0, 15096.0, 43522.0, 0.8701868057250977, -1.3806629180908203, 1.2054557800292969, -2.2216761112213135, -0.30152246356010437, 223.0
480106, 0.7563440799713135, -1.3950879573822021, 0.2594340741634369, -0.01037694700062275, -0.006815238390117884, 0.05752456933259964, 157673.578125, 121439.515625, 157802.8125, 151544.90625, 144531.6875, 162934.125, 43124.0, 43502.0, 0.0, 51445.0, 0.8701868057250977, -1.3806629180908203, 1.2054557800292969, -2.583677053451538, -1.2003891468048096, 243.0
480126, 0.7562334537506104, -1.3953087329864502, 0.2611722946166992, 0.0008464442216791213, -0.016547124832868576, 0.12536749243736267, 157673.578125, 121439.515625, 157802.8125, 151547.390625, 144539.734375, 162944.125, 27501.0, 49331.0, 0.0, 54200.0, 0.8701868057250977, -1.3806629180908203, 1.2054557800292969, -3.536740303039551, -2.7688827514648438, 243.0
480146, 0.7563946843147278, -1.3957629203796387, 0.2643597722053528, 0.014431970193982124, -0.02846009097993374, 0.17959362268447876, 157673.578125, 121439.515625, 157802.8125, 151546.15625, 144534.828125, 162936.625, 3913.0, 50639.0, 0.0, 53473.0, 0.8701868057250977, -1.3806629180908203, 1.2054557800292969, -4.883779525756836, -3.3599486351013184, 233.0
480166, 0.7567877173423767, -1.3964332342147827, 0.2680572271347046, 0.024635139852762222, -0.0387730598449707, 0.1921212375164032, 157673.578125, 121439.515625, 157802.8125, 151546.78125, 144534.140625, 162937.140625, 0.0, 49498.0, 0.0, 54636.0, 0.8701868057250977, -1.3806629180908203, 1.2054557800292969, -6.2873215675354, -3.0049071311950684, 233.0
480186, 0.7573683261871338, -1.3973033428192139, 0.27193984389305115, 0.03299763426184654, -0.047868408262729645, 0.1903674304485321, 157673.578125, 121439.515625, 157802.8125, 151546.78125, 144525.703125, 162952.140625, 0.0, 48161.0, 0.0, 53288.0, 0.8701868057250977, -1.3806629180908203, 1.2054557800292969, -7.719915866851807, -2.724100112915039, 233.0
480206, 0.7580928206443787, -1.3983190059661865, 0.2754804491996765, 0.03934936225414276, -0.05348755046725273, 0.1646977663040161, 157673.578125, 121439.515625, 157802.8125, 151552.96875, 144520.796875, 162952.140625, 0.0, 46074.0, 6439.0, 52694.0, 0.8701868057250977, -1.3806629180908203, 1.2054557800292969, -9.001568794250488, -2.215961217880249, 262.0
480226, 0.7589303851127625, -1.3994113206863403, 0.27859553694725037, 0.044143885374069214, -0.05542818084359169, 0.14527109265327454, 157673.578125, 121439.515625, 157802.8125, 151546.140625, 144520.125, 162959.640625, 0.0, 46984.0, 3047.0, 51380.0, 0.8701868057250977, -1.3806629180908203, 1.2054557800292969, -10.097142219543457, -1.3651528358459473, 262.0
480246, 0.759840190410614, -1.4005128145217896, 0.28119540214538574, 0.046691522002220154, -0.05459027364850044, 0.11341463029384613, 157673.578125, 121439.515625, 157802.8125, 151548.625, 144524.34375, 162962.140625, 0.0, 48623.0, 4993.0, 49252.0, 0.8701868057250977, -1.3806629180908203, 1.2054557800292969, -11.105873107910156, -0.4936319887638092, 262.0
480266, 0.7607768774032593, -1.4015796184539795, 0.283069908618927, 0.04683432728052139, -0.05199878290295601, 0.07413715869188309, 157673.578125, 121439.515625, 157802.8125, 151535.578125, 144533.0625, 162957.671875, 0.0, 48720.0, 8396.0, 48489.0, 0.8701868057250977, -1.3806629180908203, 1.2054557800292969, -11.990866661071777, 0.5389277935028076, 32766.0
480286, 0.7616906762123108, -1.4025789499282837, 0.2841770052909851, 0.04439340904355049, -0.047855496406555176, 0.0362548790872097, 157673.578125, 121439.515625, 157802.8125, 151534.359375, 144546.40625, 162950.171875, 0.0, 48822.0, 11350.0, 47454.0, 0.8701868057250977, -1.3806629180908203, 1.2054557800292969, -12.729458808898926, 1.5884145498275757, 32766.0
480306, 0.7625309228897095, -1.4034817218780518, 0.28449633717536926, 0.03938569501042366, -0.04220270365476608, -0.0019162324024364352, 157673.578125, 121439.515625, 157802.8125, 151538.6875, 144566.6875, 162954.125, 0.0, 45980.0, 15573.0, 49461.0, 0.8701868057250977, -1.3806629180908203, 1.2054557800292969, -13.339914321899414, 2.5742111206054688, 32766.0
480326, 0.7632448077201843, -1.4042423963546753, 0.2842419743537903, 0.031889282166957855, -0.03358544409275055, -0.023389823734760284, 157673.578125, 121439.515625, 157802.8125, 151534.96875, 144597.875, 162941.625, 0.0, 43305.0, 7168.0, 53344.0, 0.8701868057250977, -1.3806629180908203, 1.2054557800292969, -13.988004684448242, 3.231055736541748, 32766.0
480346, 0.7637995481491089, -1.4047975540161133, 0.2837596833705902, 0.02370375208556652, -0.021561257541179657, -0.020857980474829674, 157673.578125, 121439.515625, 157802.8125, 151540.546875, 144583.453125, 162947.140625, 5955.0, 44707.0, 0.0, 54208.0, 0.8701868057250977, -1.3806629180908203, 1.2054557800292969, -14.791451454162598, 3.103168487548828, 32766.0
480366, 0.7642088532447815, -1.4051053524017334, 0.2835744321346283, 0.018014902248978615, -0.009712709113955498, 0.01089454721659422, 157673.578125, 121439.515625, 157802.8125, 151543.03125, 144589.4375, 162939.640625, 25420.0, 49753.0, 0.0, 53776.0, 0.8701868057250977, -1.3806629180908203, 1.2054557800292969, -15.838574409484863, 2.0321054458618164, 143.0
480386, 0.7645660042762756, -1.4052425622940063, 0.2841827869415283, 0.018850257620215416, -0.005837027914822102, 0.04365895316004753, 157673.578125, 121439.515625, 157802.8125, 151553.59375, 144582.765625, 162947.140625, 29138.0, 51821.0, 0.0, 51821.0, 0.8701868057250977, -1.3806629180908203, 1.2054557800292969, -17.273244857788086, -0.3928869664669037, 143.0
480406, 0.7650272250175476, -1.40543794631958, 0.2855546474456787, 0.029026014730334282, -0.016807066276669502, 0.10323290526866913, 157673.578125, 121439.515625, 157802.8125, 151563.53125, 144578.953125, 162935.6875, 27465.0, 51455.0, 0.0, 52098.0, 0.8701868057250977, -1.3806629180908203, 1.2054557800292969, -18.889192581176758, -3.370316743850708, 143.0
480426, 0.7657563090324402, -1.4060014486312866, 0.2886520028114319, 0.042075783014297485, -0.03983066603541374, 0.1943979263305664, 157673.578125, 121439.515625, 157802.8125, 151543.65625, 144552.671875, 162952.671875, 37953.0, 43821.0, 3116.0, 9721.0, 0.8701868057250977, -1.3806629180908203, 1.2054557800292969, -19.298669815063477, -3.8834357261657715, 224.0
480446, 0.766689121723175, -1.407020092010498, 0.2923945188522339, 0.04667441546916962, -0.05658355727791786, 0.15176928043365479, 157673.578125, 121439.515625, 157802.8125, 151555.453125, 144525.703125, 162965.6875, 31030.0, 26998.0, 33208.0, 3411.0, 0.8701868057250977, -1.3806629180908203, 1.2054557800292969, -17.465490341186523, -3.1502389907836914, 224.0
480466, 0.7676448822021484, -1.4083384275436401, 0.295043408870697, 0.049008194357156754, -0.0754513144493103, 0.11457384377717972, 157673.578125, 121439.515625, 157802.8125, 151548.0, 144529.921875, 162983.1875, 17390.0, 30054.0, 21640.0, 29194.0, 0.8701868057250977, -1.3806629180908203, 1.2054557800292969, -16.524145126342773, -2.659837007522583, 224.0
480486, 0.768642783164978, -1.4099905490875244, 0.2966977059841156, 0.05094364285469055, -0.08991976827383041, 0.05120300501585007, 157673.578125, 121439.515625, 157802.8125, 151536.203125, 144511.6875, 162995.171875, 394.0, 19816.0, 26809.0, 42622.0, 0.8701868057250977, -1.3806629180908203, 1.2054557800292969, -15.990129470825195, -2.491481304168701, 262.0
480506, 0.7696889042854309, -1.411899209022522, 0.29717421531677246, 0.05385546386241913, -0.10085204988718033, -0.0027627628296613693, 157673.578125, 121439.515625, 157802.8125, 151536.203125, 144528.15625, 162984.234375, 0.0, 29325.0, 26168.0, 41210.0, 0.8701868057250977, -1.3806629180908203, 1.2054557800292969, -15.665266990661621, -2.128502368927002, 262.0
480526, 0.7707922458648682, -1.4139765501022339, 0.2965601086616516, 0.056590039283037186, -0.10676952451467514, -0.05624896660447121, 157673.578125, 121439.515625, 157802.8125, 151546.140625, 144536.1875, 162976.21875, 0.0, 32665.0, 27460.0, 41635.0, 0.8701868057250977, -1.3806629180908203, 1.2054557800292969, -15.424093246459961, -1.3199806213378906, 262.0
480546, 0.771941602230072, -1.4161288738250732, 0.2954142987728119, 0.058122649788856506, -0.10781938582658768, -0.04590863361954689, 157673.578125, 121439.515625, 157802.8125, 151544.875, 144585.21875, 162965.6875, 10812.0, 39010.0, 7203.0, 43257.0, 0.8701868057250977, -1.3806629180908203, 1.2054557800292969, -15.302855491638184, -0.279779851436615, 255.0
480566, 0.7731171250343323, -1.418268084526062, 0.2951890230178833, 0.060425009578466415, -0.10628832131624222, 0.027587242424488068, 157673.578125, 121439.515625, 157802.8125, 151557.296875, 144621.984375, 162942.671875, 21931.0, 38934.0, 0.0, 51866.0, 0.8701868057250977, -1.3806629180908203, 1.2054557800292969, -15.617044448852539, -0.3817896246910095, 255.0
480586, 0.7743966579437256, -1.4204033613204956, 0.29634490609169006, 0.06860009580850601, -0.10834896564483643, 0.08091523498296738, 157673.578125, 121439.515625, 157802.8125, 151558.5625, 144620.890625, 162923.71875, 19349.0, 46932.0, 0.0, 51347.0, 0.8701868057250977, -1.3806629180908203, 1.2054557800292969, -16.513866424560547, -2.277906656265259, 235.0
480606, 0.7758917808532715, -1.4226361513137817, 0.29836660623550415, 0.0808529481291771, -0.11517579108476639, 0.11920980364084244, 157673.578125, 121439.515625, 157802.8125, 151572.203125, 144639.140625, 162911.21875, 3932.0, 46058.0, 0.0, 43171.0, 0.8701868057250977, -1.3806629180908203, 1.2054557800292969, -17.212339401245117, -3.468445301055908, 235.0
480626, 0.77759850025177, -1.4249980449676514, 0.3006914258003235, 0.08943489193916321, -0.12079885601997375, 0.10709836333990097, 157673.578125, 121439.515625, 157802.8125, 151573.46875, 144613.546875, 162916.21875, 15911.0, 38641.0, 0.0, 36590.0, 0.8701868057250977, -1.3806629180908203, 1.2054557800292969, -17.108034133911133, -2.91174054145813, 235.0
480646, 0.7794449925422668, -1.4274568557739258, 0.30242761969566345, 0.09520173072814941, -0.12511992454528809, 0.07070129364728928, 157673.578125, 121439.515625, 157802.8125, 151559.78125, 144583.453125, 162948.1875, 19031.0, 33566.0, 0.0, 41682.0, 0.8701868057250977, -1.3806629180908203, 1.2054557800292969, -16.913679122924805, -2.1896042823791504, 237.0
480666, 0.7813950181007385, -1.4299999475479126, 0.3035644590854645, 0.0995832160115242, -0.12906557321548462, 0.03940092399716377, 157673.578125, 121439.515625, 157802.8125, 151554.203125, 144542.453125, 162976.21875, 26519.0, 34154.0, 0.0, 44058.0, 0.8701868057250977, -1.3806629180908203, 1.2054557800292969, -16.819211959838867, -1.7813743352890015, 237.0
480686, 0.7834323644638062, -1.4326269626617432, 0.30409789085388184, 0.10430960357189178, -0.1338605284690857, 0.016910206526517868, 157673.578125, 121439.515625, 157802.8125, 151544.265625, 144527.078125, 163011.21875, 29584.0, 35991.0, 0.0, 46562.0, 0.8701868057250977, -1.3806629180908203, 1.2054557800292969, -16.903018951416016, -2.0889244079589844, 237.0
480706, 0.7855865955352783, -1.435378074645996, 0.30441153049468994, 0.11159562319517136, -0.14181753993034363, 0.01914854720234871, 157673.578125, 121439.515625, 157802.8125, 151541.78125, 144538.234375, 163004.234375, 22117.0, 36248.0, 0.0, 49638.0, 0.8701868057250977, -1.3806629180908203, 1.2054557800292969, -17.1372127532959, -2.897373676300049, 246.0
480726, 0.7879178524017334, -1.4383176565170288, 0.3051218092441559, 0.12130609899759293, -0.151791051030159, 0.049796212464571, 157673.578125, 121439.515625, 157802.8125, 151553.59375, 144544.90625, 162987.78125, 8522.0, 38840.0, 0.0, 47370.0, 0.8701868057250977, -1.3806629180908203, 1.2054557800292969, -17.446630477905273, -3.0498464107513428, 246.0
480746, 0.7904214859008789, -1.44142746925354, 0.3062068521976471, 0.1287979781627655, -0.15891669690608978, 0.05712849274277687, 157673.578125, 121439.515625, 157802.8125, 151549.234375, 144576.78125, 162981.21875, 15338.0, 38189.0, 0.0, 46387.0, 0.8701868057250977, -1.3806629180908203, 1.2054557800292969, -17.64540672302246, -2.4848291873931885, 246.0
480766, 0.7930604815483093, -1.444663643836975, 0.3074074387550354, 0.1349649280309677, -0.16452601552009583, 0.062308087944984436, 157673.578125, 121439.515625, 157802.8125, 151557.296875, 144598.828125, 162956.21875, 16796.0, 35302.0, 0.0, 47087.0, 0.8701868057250977, -1.3806629180908203, 1.2054557800292969, -17.779983520507812, -2.075007200241089, 235.0
480786, 0.795813262462616, -1.4479975700378418, 0.3086032271385193, 0.14029276371002197, -0.1687384694814682, 0.05738497152924538, 157673.578125, 121439.515625, 157802.8125, 151566.625, 144631.390625, 162939.234375, 21301.0, 33259.0, 0.0, 46078.0, 0.8701868057250977, -1.3806629180908203, 1.2054557800292969, -17.812528610229492, -1.8625837564468384, 235.0
480806, 0.798670768737793, -1.4514057636260986, 0.3096918761730194, 0.14548175036907196, -0.1719883680343628, 0.051812782883644104, 157673.578125, 121439.515625, 157802.8125, 151583.40625, 144652.765625, 162928.71875, 24041.0, 30693.0, 0.0, 44984.0, 0.8701868057250977, -1.3806629180908203, 1.2054557800292969, -17.686168670654297, -1.7663246393203735, 243.0
480826, 0.8016329407691956, -1.4548711776733398, 0.3106791377067566, 0.15078607201576233, -0.17450283467769623, 0.04783233255147934, 157673.578125, 121439.515625, 157802.8125, 151579.65625, 144638.0625, 162932.265625, 30087.0, 27861.0, 0.0, 42569.0, 0.8701868057250977, -1.3806629180908203, 1.2054557800292969, -17.39157485961914, -1.731963038444519, 243.0
480846, 0.804703414440155, -1.4583849906921387, 0.3116278052330017, 0.15629412233829498, -0.17689774930477142, 0.04700892046093941, 157673.578125, 121439.515625, 157802.8125, 151572.203125, 144632.46875, 162942.265625